# pke13 magspace-enum config: OBS=6 blockSize=65536
11263
12076
14240
9296
5139
16370
7236
5191
15388
5817
5801
15487
121
13419
15150
9815
16063
2582
12578
12172
2558
8786
16071
5584
13892
4450
8678
6265
5378
7578
5524
7028
14316
15612
3959
3614
12418
11627
9856
6370
13263
10266
1361
1803
11749
15353
5706
11317
616
9430
1636
10142
2097
15040
12775
3096
14829
13683
2003
7717
5217
2227
14248
11278
14050
9274
7557
2847
13095
14792
5879
6213
5009
7300
3322
5266
2781
10333
2049
4138
8385
4858
6614
12622
6056
1768
15337
15733
11289
12253
15110
10561
2537
4616
253
15382
13691
122
7449
13264
9179
10789
13862
14910
4094
145
2637
7653
14849
3015
12080
9104
12991
715
311
9899
10689
3442
4029
12070
4780
3529
3063
12688
10946
7755
2150
1164
810
14798
6026
7077
3441
10081
8985
6849
6755
3604
6359
3573
3142
14859
8573
3496
2563
5897
13368
974
1300
11312
3501
10742
5630
5458
11587
7307
1896
7951
10587
3747
12740
15917
7018
12551
1745
5694
9326
5368
13310
11414
1390
4173
12018
11594
13274
658
1458
9546
14354
1305
13788
16300
8631
13260
11271
430
5691
5429
13388
1432
6551
11915
5163
1097
12987
11632
10078
4129
6578
7286
4549
4508
5905
13708
1271
12769
14539
5767
5215
8705
1516
4328
15056
11193
11692
10093
3273
5984
5583
3760
2146
1223
2521
12045
2306
3085
1701
12022
4106
15450
5007
3191
3989
12761
7355
1157
7340
15026
14046
4817
9126
4836
7868
12197
16281
12036
1735
13964
9967
2409
5382
2312
11329
15718
13619
3147
15303
3812
7873
10485
9693
16294
14000
7419
7169
14430
4952
9466
1023
14369
8247
11679
9989
5070
1532
13885
7749
7937
12219
10515
221
6643
16246
6276
4113
14488
10194
12476
918
11922
12212
12148
15430
13325
960
6759
807
1415
11373
4912
13023
12309
6535
2738
15143
14682
13908
7978
15427
3069
4810
8717
4399
3465
993
4734
9178
11530
15641
1380
16339
2193
332
13632
381
15580
15562
2219
15875
14420
6528
5822
14145
12792
9677
3289
7547
256
1331
12531
8894
6321
6541
14304
12350
6592
11702
4756
13941
16150
323
14497
15506
13304
5229
5130
9968
9176
5289
15367
16072
10913
15552
15470
15569
13480
3659
6063
16149
7226
9860
11303
1930
8973
10200
12765
8939
8246
10967
2085
1373
13299
923
7141
11974
12277
3086
7695
9131
8534
14383
10373
12449
6492
7810
11539
5903
15650
5138
5695
45
8204
1614
4135
1647
11734
2531
3832
9555
6757
8507
2357
6282
14292
5799
9589
2417
3544
1672
8256
1256
12154
2174
6308
8124
53
8289
9139
1182
7548
7598
1175
5703
3888
15658
8587
890
11248
15638
4077
4759
12881
365
11017
8636
10411
399
6278
555
3048
2918
2714
4533
2248
3149
11591
14357
8050
3224
10889
7901
15411
8438
9793
7649
8732
781
8227
9987
11722
12641
10239
1718
8367
13737
9041
5369
12667
4478
15532
3400
9256
13110
3439
1865
2926
4492
7462
9173
8714
11027
9961
11732
5109
12893
360
6248
13059
9168
13505
1886
4188
15114
180
2296
14335
10906
15344
1730
8675
9626
14021
13461
9538
6701
11848
9550
3681
10286
6304
7404
2262
3466
12736
1079
2696
14842
15366
497
11923
5201
574
4954
15403
6621
10961
10175
13347
2629
16259
10023
3808
2410
5592
1683
15170
10620
11369
6839
15336
2643
2022
5497
12867
13225
9461
13969
14591
2660
4132
10709
12953
6172
1204
5800
6715
14273
6476
8253
3997
14035
10527
15739
7008
9470
8647
2628
9829
15858
15496
12028
15305
12288
15030
1543
11924
295
12221
3056
2364
9697
11753
6859
8058
3499
12478
10160
14609
3308
9716
11995
7059
562
10025
5786
9329
10517
14579
15275
6542
15907
10768
12969
15839
3446
11707
5186
576
1061
4700
7825
3509
