# pke12 magspace-enum config: OBS=6 blockSize=65536
11263
12076
14240
9296
5139
16370
7236
5191
15388
5817
5801
15487
121
13419
15150
9815
16063
2582
12578
12172
2558
8786
16071
5584
13892
4450
8678
6265
5378
7578
5524
7028
14316
15612
3959
3614
12418
11627
9856
6370
13263
10266
1361
1803
11749
15353
5706
11317
616
9430
1636
10142
2097
15040
12775
3096
14829
13683
2003
7717
5217
2227
14248
11278
14050
9274
7557
2847
13095
14792
5879
6213
5009
7300
3322
5266
2781
10333
2049
4138
8385
4858
6614
12622
6056
1768
15337
15733
11289
12253
15110
10561
2537
4616
253
15382
13691
122
7449
13264
9179
10789
13862
14910
4094
145
2637
7653
14849
3015
12080
9104
12991
715
311
9899
10689
3442
4029
12070
4780
3529
3063
12688
10946
7755
2150
1164
810
14798
6026
7077
3441
10081
8985
6849
6755
3604
6359
3573
3142
14859
8573
3496
2563
5897
13368
974
1300
11312
3501
10742
5630
5458
11587
7307
1896
7951
10587
3747
12740
15917
7018
12551
1745
5694
9326
5368
13310
11414
1390
4173
12018
11594
13274
658
1458
9546
14354
1305
13788
16300
8631
13260
11271
430
5691
5429
13388
1432
6551
11915
5163
1097
12987
11632
10078
4129
6578
7286
4549
4508
5905
13708
1271
12769
14539
5767
5215
8705
1516
4328
15056
11193
11692
10093
3273
5984
5583
3760
2146
1223
2521
12045
2306
3085
1701
12022
4106
15450
5007
3191
3989
12761
7355
1157
7340
15026
14046
4817
9126
4836
7868
12197
16281
12036
1735
13964
9967
2409
5382
2312
11329
15718
13619
3147
15303
3812
7873
10485
9693
16294
14000
7419
7169
14430
4952
9466
1023
14369
8247
11679
9989
5070
1532
13885
7749
7937
12219
10515
221
6643
16246
6276
4113
14488
10194
12476
918
11922
12212
12148
15430
13325
960
6759
807
1415
11373
4912
13023
12309
6535
2738
15143
14682
13908
7978
15427
3069
4810
8717
4399
3465
993
4734
9178
11530
15641
1380
16339
2193
332
13632
381
15580
15562
2219
15875
14420
6528
5822
14145
12792
9677
3289
7547
256
1331
12531
8894
6321
6541
14304
12350
6592
11702
4756
13941
16150
323
14497
15506
13304
5229
5130
9968
9176
5289
15367
16072
10913
15552
15470
15569
13480
3659
6063
16149
7226
9860
11303
1930
8973
10200
12765
8939
8246
10967
2085
1373
13299
923
7141
11974
12277
3086
7695
9131
8534
14383
10373
12449
6492
7810
11539
5903
15650
5138
5695
45
8204
1614
4135
1647
11734
2531
3832
9555
6757
8507
2357
6282
14292
5799
9589
2417
3544
1672
8256
1256
12154
2174
6308
8124
53
8289
9139
1182
7548
7598
1175
5703
3888
15658
8587
890
11248
15638
4077
4759
12881
365
11017
8636
10411
399
6278
555
3048
2918
2714
4533
2248
3149
11591
14357
8050
3224
10889
7901
15411
8438
9793
7649
8732
781
8227
9987
11722
12641
10239
1718
8367
13737
9041
5369
12667
4478
15532
3400
9256
13110
3439
1865
2926
4492
7462
9173
8714
11027
9961
11732
5109
12893
360
6248
13059
9168
13505
1886
4188
15114
180
2296
14335
10906
15344
1730
8675
9626
14021
13461
9538
6701
11848
9550
3681
10286
6304
7404
2262
3466
12736
1079
2696
14842
15366
497
11923
5201
574
4954
15403
6621
10961
10175
13347
2629
16259
10023
3808
2410
5592
1683
15170
10620
11369
6839
15336
2643
2022
5497
12867
13225
9461
13969
14591
2660
4132
10709
12953
6172
1204
5800
6715
14273
6476
8253
3997
14035
10527
15739
7008
9470
8647
2628
9829
15858
15496
12028
15305
12288
15030
1543
11924
295
12221
3056
2364
9697
11753
6859
8058
3499
12478
10160
14609
3308
9716
11995
7059
562
10025
5786
9329
10517
14579
15275
6542
15907
10768
12969
15839
3446
11707
5186
576
1061
4700
7825
3509
6704
9744
11941
4958
2381
13358
3146
11388
13957
16034
10289
2661
2524
7090
14298
13267
4708
7829
16097
15020
1191
11631
13153
10271
9688
1226
13974
1299
5120
10580
12538
9013
11052
5735
4471
8076
11712
13291
2245
6302
6253
3911
3984
3709
11576
12214
11493
3451
3607
6923
10608
10578
2504
15805
16158
2633
8561
12873
10276
4415
9573
5892
935
8353
14001
10417
15882
9783
5259
4290
4194
13890
8501
11287
15121
2595
3104
12366
1656
4777
14152
2663
6848
12124
15014
14742
1149
5794
10337
9985
1480
3769
9078
16145
814
15801
1895
7314
9088
10464
10867
13606
13378
5079
15675
3291
411
5339
7143
4518
14405
11569
5837
4428
8219
10233
240
13026
5768
6524
2294
11865
14266
3158
12749
8692
5530
7800
10088
4922
1915
14479
15934
7385
15379
5813
6987
13349
3535
14695
7556
841
10797
3678
14548
3426
13783
5843
15476
15671
10241
14736
14997
2006
4767
4994
15835
573
16007
10787
14871
11500
566
8457
10548
618
4798
6331
11830
5187
1854
2541
7009
15390
5841
14343
8010
7452
3358
5738
12233
13985
4888
5845
13005
1393
4112
10998
130
4388
12168
11202
11191
11198
9864
10859
804
7173
2748
1504
1467
7099
11219
1173
13501
7161
7138
7331
13530
15264
4807
11458
2727
12613
101
6114
16062
1321
3036
13732
12640
2845
13774
7905
14455
13146
1158
15749
5764
15316
14255
15898
8108
13333
12368
941
12049
13784
6071
13557
7252
7574
10660
11424
10124
1056
4896
4169
13002
11837
8830
3399
1873
12331
2156
4447
14734
14949
6318
9468
6737
13457
6536
9781
47
14071
10664
1423
115
11381
5628
2445
7903
12075
13785
8322
15511
5610
15761
8480
12980
10987
7939
10981
5335
13318
5923
8434
15327
14027
13678
4640
13998
11615
2126
8863
14675
5516
4871
6519
571
2356
10927
6922
7393
11462
333
13120
5234
1869
15129
15880
12564
6263
11123
10793
1531
9805
6949
2030
8081
8433
7039
14902
5798
13312
11327
13394
10057
14824
13903
12767
845
1452
15019
10932
15762
245
14332
14825
14753
4024
12458
14200
4627
665
431
11045
6876
9690
3152
3913
13566
6529
9360
16191
4114
778
5861
14863
4360
1250
129
8402
5510
6468
10015
4262
9727
15529
14513
11459
12561
10611
5254
7489
15378
6527
8073
476
10670
13179
8496
16167
4136
9984
3057
4369
15154
16183
1010
8286
15902
5400
14148
4965
7707
9533
1556
5637
967
10507
1153
6599
5103
8473
16255
13819
3947
5727
5810
5677
4276
351
15891
15877
12337
13314
14988
9341
1350
12849
226
5240
9822
2674
7958
9247
2393
1829
5743
10635
9385
14119
8670
14220
12790
4630
1825
6169
8202
9590
16100
3883
15949
3100
951
8724
3986
12073
7555
13408
6826
146
16265
3710
2905
11944
6574
4783
7959
5644
14729
12332
7443
8658
3293
5997
10905
7312
1695
60
11600
7514
15915
2634
5361
9701
5132
10681
15225
9433
1441
1317
8542
5823
8240
8195
6789
2039
4464
6821
2590
2885
14299
13790
1929
6469
1554
3837
2950
7910
12964
10374
2354
6204
8341
1725
5011
234
684
11804
12046
13508
2021
5325
11582
4271
11991
1775
10382
6035
9575
14079
16140
5607
24
2835
10182
1680
14934
8694
7599
143
5049
7069
5692
3979
3800
8687
3027
8174
10688
10918
4030
15549
15590
7139
13401
10902
2481
4419
3157
8921
13336
7126
15773
3214
11251
4866
16200
258
5955
15510
4609
11448
8953
5889
7282
6559
8926
8745
16040
398
8968
11024
13534
10891
12681
14187
11942
4705
9627
14663
13273
2230
2392
6085
3550
13589
15029
1706
11506
15103
10137
12788
177
6608
13348
9876
3847
16345
14699
6103
3242
7750
14908
2159
14092
6021
1100
9635
13996
3374
12467
8829
1894
8466
857
1255
14845
8395
14995
10351
4676
6045
438
10538
9222
11437
6184
7371
9613
10430
9388
1293
7195
1741
11365
9986
5663
6686
9356
1901
3762
8665
2895
12706
14443
7408
3406
2289
12270
12655
6889
8715
3202
3483
4074
9887
5575
1553
9977
16257
359
13682
8543
4102
7444
8562
6712
4963
764
13889
6189
13791
8572
3034
16366
5121
5830
11013
5182
13302
12503
11542
11773
16132
5310
5658
14628
10619
15512
12333
7626
10754
13570
12910
1495
15010
14636
9540
1318
15016
16069
8370
13213
16206
522
9023
11577
339
11215
14952
1839
9994
15161
12957
4655
6720
5996
12431
3461
413
10424
4687
3785
13000
1117
14684
425
14064
11384
9275
4458
9729
6341
7384
15200
2656
10657
13362
11079
5844
11584
16038
5660
14786
14161
15554
3917
3503
6046
2384
3457
13067
3690
4318
11868
10738
7770
4591
3402
119
7490
15313
2437
4398
11998
6471
9285
12136
11928
15817
3561
11620
2117
3430
5212
15876
313
11714
9625
881
11429
10342
13679
13834
5434
4304
1160
7345
636
4838
11257
9458
7836
10735
6205
708
4702
12576
14418
10770
13049
15049
9935
8955
14151
3532
6552
12995
8038
10821
4198
3199
9452
6979
15634
14271
15703
2318
8840
5502
7493
7274
5571
11485
6051
13164
5804
4821
10121
2422
1438
3319
12638
2217
11290
13525
10550
7924
13875
3770
12919
5621
5781
5367
2399
16011
4255
13073
15594
8712
13822
2038
11525
8016
4218
5870
15492
6136
13488
8468
7450
2300
14308
4566
15836
10691
12934
1087
13137
5673
2789
9517
15421
15546
11322
7888
10952
7704
298
9143
7076
13705
9651
4924
2956
954
4721
1724
16213
7251
15460
5190
8216
9587
7311
15214
325
10524
4742
5200
2740
1840
891
2927
6124
153
12589
13516
13731
4930
10472
3556
5509
8430
16084
4999
7445
6518
12141
6739
9605
9784
1797
4611
599
13234
14823
965
15665
14754
7288
8822
8719
4748
5776
4913
13636
8008
4348
6235
10248
3666
6770
763
3599
10010
12210
6996
315
13423
9711
2361
1592
10310
848
5836
10741
992
12687
14933
11050
15
1410
1517
1337
9280
3546
14427
14043
15173
15266
12106
5500
8846
13431
2715
8190
9042
2723
15681
8992
3352
11419
3032
1589
2812
782
3140
1800
10705
2210
8302
10938
6313
10796
4916
13931
14478
6162
6899
14596
2719
9921
8144
13473
14683
10451
6871
475
5642
15384
11057
5655
4403
7904
10570
3377
14237
13439
15039
5749
10322
2388
6520
13905
11503
15485
12192
4460
10781
11608
11441
4146
8165
8011
15850
12404
15165
4724
14537
7751
3993
11545
10084
13994
10487
6635
4047
13648
6153
10072
12856
12322
13843
12607
5659
6138
4185
1586
5938
197
11344
12300
3793
3518
11398
9045
11973
13278
218
10581
8593
887
14983
4905
14551
3954
11071
2064
9497
6019
4332
1483
11782
2084
5537
5709
6938
7619
12291
12571
7882
1907
10475
13564
16193
14025
4305
5985
13483
4293
16138
7407
12403
10002
8168
1902
1253
669
6571
15189
5579
4259
12479
12460
15491
15233
12327
1014
1197
11453
6807
8546
6167
5376
10682
9559
14065
9048
8083
4486
10452
1750
9319
13436
10937
12441
12165
12974
7947
5131
13697
3408
11465
16126
9345
7746
4071
3417
13850
12976
3053
1378
14155
268
7559
5195
14867
6974
6346
11527
5578
11636
11972
15701
11835
12324
12491
5544
9022
10162
1166
11588
2240
13156
16050
11512
9920
1582
10280
5821
5606
13402
2428
8669
16128
11274
12513
15489
6290
8947
582
8049
12889
13451
14521
14899
792
2771
4626
4826
10281
6850
12872
11075
3992
9621
8474
11035
11537
9061
2416
10492
6723
3964
1376
4645
11680
5701
3207
2395
10936
2466
7622
14359
6029
863
164
15140
8298
6787
13170
7579
15889
7315
10719
11980
6447
3748
12025
1703
15499
13487
9964
8014
14476
1573
1506
3360
10186
946
6146
12599
16095
7170
6700
3409
1499
13662
12359
9384
16000
12526
3991
7859
13745
6972
5461
585
12716
12112
7135
1920
15909
1107
14835
3714
9882
12043
8120
2863
11870
202
10596
12098
14580
2081
13880
3105
10298
327
4219
876
2315
1322
13056
11233
16279
8282
16157
8887
13191
16241
210
9252
1355
1440
1526
16316
633
3386
12406
8664
5648
16211
11498
6811
5961
2345
15786
10107
7987
13275
7378
215
3022
9741
13518
9656
9357
13660
15582
9407
11841
6268
2676
980
15966
4346
14419
1342
8057
6664
2324
14722
2904
9830
3083
15609
5974
6086
3700
5133
15855
120
11508
6728
2882
14508
5707
13538
7877
3425
7299
6892
13506
12547
6047
1572
5656
15015
2093
15259
733
8321
11412
614
3221
7221
15723
10109
10178
14091
2913
11469
403
13646
11084
1
8891
13584
11921
3946
9910
692
5560
266
3263
8603
7676
15745
8673
1003
172
12083
13608
9554
1001
10837
5251
3684
5623
9237
10379
4941
419
4703
11268
8746
11592
2027
546
4176
346
15821
1906
3552
6393
12840
15281
12936
3013
3566
5518
6993
13867
4904
15106
8886
12385
489
11729
13074
16251
11273
1466
13579
12632
8993
7421
8942
7898
141
3589
9425
14310
8032
4153
7050
13803
3259
62
13011
10227
6202
4648
15177
7637
5308
11675
588
11499
13339
15501
11752
1774
3490
1746
4794
947
8481
16043
13976
9526
4325
874
13917
190
10720
6327
493
9532
14445
15457
4623
1193
15278
1032
5921
13282
16091
7341
6953
16349
11664
13492
14890
1772
12205
15197
6039
10244
2131
2647
8330
9514
4872
3656
2329
10966
4042
1471
4541
11740
10391
14093
12973
188
11597
664
7718
9144
10284
10503
13923
453
671
4295
11285
4095
2824
7837
521
4220
15134
16222
13810
5883
6164
10486
8583
8356
1416
2840
14865
1780
14147
7609
10876
7701
12831
12189
6199
6422
14522
16307
2931
6816
11611
8903
4828
14189
5968
3936
7787
1880
1949
12880
2966
8831
1085
2952
11055
802
13764
4072
2197
14954
8088
6100
95
1012
11269
3006
15545
8223
10755
2832
14711
3517
1711
15689
10493
838
15577
5868
7229
12726
15188
9325
6868
6419
15155
15449
637
14235
6426
6619
2433
1125
9413
11471
11258
12156
15787
12906
13447
12720
10878
8090
2538
13523
4837
7061
1743
11171
3251
5193
6557
6456
3716
9244
275
13255
4038
13848
14638
13168
9166
13485
9446
7656
15884
8035
7617
15440
15473
7657
4542
10595
8989
2090
1238
1739
9011
11769
11929
11667
6828
2883
11174
916
8841
13541
2706
7064
9352
3540
13776
11043
11077
15361
10157
13887
2566
5041
14963
14083
6098
7012
4697
9245
15050
14367
9185
11849
8042
11796
7614
14130
9021
12285
8812
12419
11951
6576
1141
10977
12450
466
2350
5045
11405
11371
14816
9804
7854
15690
13057
6256
13399
1249
2800
7612
731
4221
7883
1351
8460
14529
7412
2852
10054
3860
9796
8116
6043
11619
12965
8075
2949
7583
11054
4457
7010
6919
13926
91
698
9305
8910
12009
6498
2798
8241
13878
4953
1414
2314
9981
11331
2339
3981
10358
6738
5906
7467
15023
11788
16362
1607
9508
10791
926
12252
9801
7339
5577
3728
1959
8272
1798
7027
14196
10232
3473
8461
5360
2583
9827
13842
11663
13980
15573
3898
5971
5324
10832
14662
3608
10185
13256
6639
13600
4294
859
10449
11277
15616
12313
4559
6179
1615
14607
3820
5805
11107
1783
5840
12501
6504
8986
9496
14218
7422
12204
2796
858
12888
2403
5543
2480
6553
6523
7292
11524
2238
3643
2838
1975
5756
1688
13865
6337
8839
1551
4974
14116
3024
11826
259
9948
5680
1525
4638
162
4620
9227
8099
8693
12945
10573
6894
955
8995
2733
1339
11201
9723
7167
9926
2190
8963
10061
9993
6597
7849
10603
14691
13496
11554
12521
3841
8659
6348
395
14509
5062
13024
14932
500
13598
1904
12251
13174
3331
3415
4155
9342
11772
2309
13387
264
12443
12497
10557
15237
6769
3705
14597
5398
3658
15938
1870
2244
6952
1970
5454
6223
7823
13175
9959
11
6079
2377
9826
836
10091
15462
15831
10900
16042
6156
6560
4104
11206
15454
2575
1196
1169
5252
10482
5336
989
19
15152
6347
4694
905
13498
2138
10564
5338
6733
6230
9646
324
7140
14329
8834
10659
2896
9101
10746
9877
5084
9250
8409
15748
10756
7230
13644
6947
15952
765
2464
13124
16234
695
6741
6054
14269
12891
10940
9507
14110
3711
9086
6943
7980
15213
6822
13728
11811
14747
12146
16223
11383
8999
10288
6777
4127
2255
9503
13247
12367
1310
7497
14272
198
10170
9536
13833
12283
6270
9597
13511
13919
14574
11172
13667
8305
1937
4301
12701
2774
1017
15923
11989
3432
4678
15310
4859
1294
13078
7334
12412
14446
4363
1693
15053
12336
3345
11023
14019
3623
5787
6905
10814
75
13844
11310
12738
9706
3783
6773
15633
13543
7313
12977
11110
11130
125
12773
6514
7839
5410
10894
3506
14489
2596
4441
7431
12836
16288
11630
13914
9098
12001
6815
1585
5540
6373
12650
2051
2612
6354
12968
629
16355
12353
9020
8904
4557
10007
9534
651
1685
14987
14643
10188
7198
1036
16122
89
12779
12857
2997
15588
15683
7663
11455
2457
12007
2741
7438
13032
11226
7726
7917
16319
6055
5265
1492
1334
6950
5300
8377
15360
3752
7058
14397
11912
10097
14168
1568
299
13723
7874
15919
2229
5973
288
5002
8347
14784
9288
3568
12248
4350
5826
5559
1078
12938
869
7715
3756
3652
8467
1968
13081
5895
4552
3878
13794
12587
901
7279
3334
4172
12898
7758
3163
5245
9377
5081
1503
3070
12515
2864
11134
12140
3079
4656
6287
9991
8134
7304
15074
16245
14328
3301
9102
13816
6679
16087
12629
13710
4009
12329
5154
13183
12569
604
12796
3528
1804
9833
2553
8055
12439
7804
9177
4728
1874
8509
3349
519
15242
8799
1229
15355
6372
11476
7465
4462
852
15467
982
9123
10174
3255
12147
11166
644
8412
6955
13494
9137
12108
2592
12853
14407
6530
3900
9622
7402
16068
9548
1756
11205
8142
8229
11099
4167
2807
4121
11827
5649
13119
8646
9422
7046
6508
5194
2971
7983
511
3875
962
4537
12554
8539
6099
2145
3918
1000
7856
11563
9310
7356
3245
9181
3012
9734
16184
6944
14550
830
12959
5260
5667
9698
15651
979
14031
4119
2454
15255
4069
4189
13590
6954
8472
5960
6125
7083
5856
7530
6018
11406
10654
10385
3592
3075
11855
16061
3963
4917
5676
8483
13390
5202
14413
9009
12159
1274
10365
15254
11602
15022
1437
5675
9003
15244
12800
15906
10278
3660
8380
8689
12134
14694
15825
6249
16176
9576
5117
4435
8522
8569
6517
14820
624
10441
14960
1070
2655
6531
4383
14710
8098
9220
13127
1917
3173
12092
3176
4438
6073
8104
5287
11603
11813
13406
7773
4443
16283
8304
2414
3276
4853
15455
13261
9790
12227
11604
6004
7984
8869
12813
1898
10865
619
6705
8242
8564
5875
1152
4942
2508
6000
1451
8895
387
8471
15847
9110
10438
12232
12763
14721
2686
15782
5033
5337
3811
8945
12518
14471
14175
631
9947
6623
1921
11196
6288
2792
15642
8027
5576
8287
15437
7731
5052
7834
14362
3180
1850
912
7235
5647
8556
7115
8400
3337
9668
11621
3196
10863
10924
11982
8476
6165
13539
2737
10962
9618
704
4004
944
14170
1311
134
10316
8363
14879
9664
9659
4977
10392
6604
870
2340
2813
7424
9631
13071
6299
3840
2758
16266
6516
13223
15268
15886
4013
8351
14797
1645
13392
8773
6293
11996
3864
14981
13751
11236
6731
3633
2302
12988
1527
14567
9644
3029
14921
4499
352
8523
9591
10068
14583
7729
8005
9944
5263
10437
716
13463
7273
6289
2853
3338
6510
1062
3135
15227
8236
9473
11507
15528
15628
2120
5141
6070
1867
610
10481
5811
1857
14897
1209
10630
10650
16102
8254
9997
12281
12273
12409
11361
7079
2002
15834
9347
6095
1520
14776
3234
9786
9845
880
15589
9601
14238
14787
6325
1611
15093
8059
13244
13951
8265
13717
14388
15396
10274
3453
6837
8697
11016
16019
2110
9742
7123
12442
10019
3985
6251
13010
2749
1806
14302
4003
8622
15926
372
12992
13853
5306
5313
9311
13038
14888
6420
14735
4845
13129
6602
1084
12665
4432
11660
2249
12469
12150
9745
8267
13051
2275
2442
3395
9654
10049
11473
1428
2025
11250
5696
11802
2363
10523
16022
1133
8538
4710
15704
10395
11378
11750
11221
6020
13144
10545
13230
2912
4184
12727
13020
3052
8853
7807
13212
6384
2903
7760
10071
15586
2815
7500
4532
4960
5527
6544
4017
2127
10184
15636
4300
14532
3871
10165
7979
12255
3154
12757
8422
13093
300
9653
13147
8178
14880
8303
3477
6687
3634
15047
8635
2795
1319
15282
10270
2065
2519
4380
5521
2274
10680
2161
7456
1631
9998
581
2140
7912
12371
4792
9309
7833
1826
14456
13469
1048
11320
3548
2277
12647
3584
13858
15802
5441
656
4625
9891
9010
6303
15988
10553
2165
3373
12348
15905
251
9930
220
2899
7411
7157
6084
12160
61
2259
14380
6250
14002
5358
14633
7517
14502
11227
2511
9400
3351
7795
16198
65
11368
7675
12791
11519
9594
1658
4832
14530
10455
12037
3998
5981
4590
4692
1939
13479
7957
13808
12167
427
14142
1016
15708
16105
6274
7401
958
8186
7616
4391
1805
6960
11895
12623
6966
15867
5406
8025
9210
5669
2483
9172
6833
10786
8907
14698
6794
12993
9260
13586
4921
13425
1764
6554
7848
3050
1552
8349
7541
13382
10245
14809
10111
1371
14630
11224
7233
10880
69
464
1942
4580
3253
3945
8649
9789
2458
2372
776
7118
8465
9448
15211
8067
14741
14702
14651
3585
14203
5622
13449
6786
260
15308
4762
3307
1955
10330
8357
203
6088
3150
16101
6931
7812
178
7871
1068
6747
4968
759
7164
3478
15386
12023
8634
12954
6017
1285
15120
9557
11470
11133
4442
3440
209
15371
4787
7805
6898
5734
8844
1009
7154
9257
13876
6397
7646
7919
13353
12133
2713
1820
8885
14499
1488
1215
3646
9140
4688
1932
15027
13298
8324
6708
3355
4768
4840
11300
10040
5986
9527
14762
10252
16057
4101
10642
1938
10926
6229
14831
5125
6995
5900
13281
11824
6999
10366
12010
10685
9831
12715
8828
9334
9867
486
5950
9051
15385
6649
13142
3637
13134
7572
6490
785
8447
7752
7589
12929
15451
15730
1876
12758
4070
3189
3542
49
10633
1940
5390
5616
6472
9750
3621
9743
7602
14132
7587
4288
10543
9240
6908
14599
2077
2405
15655
11423
10414
6600
15635
2137
12659
1473
14647
7672
16337
6721
832
14165
13700
12824
7975
13050
8998
6790
12870
14843
12024
6433
10790
3025
11399
15615
856
15009
9889
9616
3356
6861
6813
3708
2591
4715
5586
2734
3340
13597
8571
9852
7308
2908
7234
15333
3106
5068
2299
683
14281
6594
6676
3924
1266
11195
14505
11401
13932
10895
5877
15854
12264
12728
7681
12280
4947
8977
8419
11014
3431
13294
2298
4653
3631
9861
4804
4636
11348
15448
11771
16178
1261
46
7052
9381
3495
3492
10973
276
5635
15331
7142
774
14837
9239
7685
11474
2184
10297
751
8600
12787
10249
8149
2261
5065
14970
15559
11370
5199
6212
2527
13950
8372
12312
3231
14056
11854
5618
9754
3256
12013
6285
14279
5107
10845
11721
601
3570
9318
6563
2602
7014
2198
10213
4869
1383
15776
3805
2256
8137
3730
127
3740
11925
16029
6452
1882
5323
4130
14938
14971
9765
11940
2922
11352
7761
5321
2448
2694
15069
1912
10607
12999
7635
11335
9081
12575
4991
14169
10221
4195
3068
3423
7785
939
1359
4326
6060
3687
13006
6177
1115
6182
12777
8277
10882
7673
356
2035
9720
2884
12493
5770
1681
7448
6774
1632
10810
12086
9171
14612
545
80
11786
10234
7509
15763
8362
8516
12363
7535
15479
6120
8570
999
3819
13125
285
15719
10874
2317
7326
3610
1347
2653
1092
3463
6488
7962
1024
13500
13838
5284
6942
8535
10658
11046
13159
3565
3567
15245
10531
2951
5114
14477
7362
12386
2380
8808
8937
8234
13453
15608
6482
534
4333
4033
6812
16348
2881
3539
7842
10180
15710
4799
14041
10879
2600
4735
1176
12465
2373
7633
9996
8833
2652
6652
11338
1813
5127
5023
14440
1788
12490
5112
13037
3391
5060
14453
3776
5927
4546
672
8316
6512
9232
14846
3619
13377
9714
4330
4567
15943
9516
1055
13897
5105
1859
1974
12012
3826
7756
10829
7711
7089
7543
3279
9674
14049
150
11970
5912
5268
10529
12494
10335
8681
9007
6961
6231
15192
10087
10934
5293
6568
14448
659
7925
3788
13802
10355
7546
5022
10591
3089
6494
14791
13105
5459
3651
10387
9109
9419
3715
14680
4865
4990
2087
6295
7458
12748
3095
2028
1385
10643
753
4371
12407
15755
7944
11341
13868
2987
12754
11436
9610
6188
4331
13568
2867
140
8760
10697
13352
14239
11012
9523
3780
2269
6930
6429
2518
5965
10022
2239
5292
12608
2803
15778
5939
6730
5408
12260
7185
15950
1729
15910
4527
3114
12884
16035
6445
5082
3155
4907
10150
8119
10604
4599
9733
9120
14390
1345
1419
7152
2941
1966
27
167
15993
10886
2319
15597
9284
70
4525
7247
5846
11342
7218
15320
14518
8394
446
8632
5149
9282
3172
505
4935
14696
10166
5032
15058
2726
10413
8956
13583
3077
9619
5299
10224
1405
6108
3005
14555
247
11933
23
13177
15439
3691
15294
3626
12830
12485
2699
10048
15759
1835
15806
791
6022
11463
10733
2105
5828
15679
15824
9583
1513
1546
9223
10842
9467
970
14800
8752
1095
13303
6314
9809
15602
7826
7964
11672
14822
7694
1315
12466
7396
6920
6112
8625
4651
5797
13967
12724
2178
2540
6724
7698
4322
6502
13441
7712
16080
8283
14587
4893
5385
10773
6881
14036
7133
10473
10103
14594
11937
4927
15583
175
2192
16202
5504
13841
379
5298
7209
5387
2849
16229
15900
6197
4614
14605
5547
7643
9552
3976
2627
14115
9294
11671
2843
2102
16195
9757
14211
14986
191
1247
5179
3141
13136
10982
1464
15849
14466
5487
5511
14113
7943
6628
15669
7554
7930
14139
973
13612
7889
8520
7794
5468
5759
13199
11823
12807
4103
7034
15402
12577
7000
4040
12415
7552
10516
2996
14129
3908
1714
5773
3126
6052
4063
7642
13467
9167
7092
6497
15182
1179
5558
8856
2644
255
10765
8923
14214
6577
2894
3551
3533
10857
9055
7436
10218
1340
15599
9630
3726
3401
10138
12145
9992
5725
6495
10724
9519
4008
10684
4719
8442
5059
594
6886
13115
11818
1550
7647
14097
3914
2005
8604
7201
8264
15274
15248
5100
16079
10730
16356
3615
11404
14585
5248
12656
11935
7357
3019
9499
9782
10584
6123
15323
11249
15680
6404
6042
9253
11408
13519
9246
10204
726
12676
2293
8074
9865
6624
6749
9567
8781
9180
2141
222
16278
194
14438
13749
6983
16243
1450
5320
943
9919
559
3119
13895
13400
14781
5342
15168
4066
1758
15618
1162
2745
10130
5858
15770
10636
16104
5228
11143
775
1060
2503
4510
5777
6226
16247
1893
5525
15941
5865
9032
5409
10931
9667
7900
1923
13613
15939
2498
3642
15324
4584
14534
10306
3482
3237
418
10844
12675
15346
3672
597
15194
3113
3525
2711
11407
3343
2151
439
8902
3980
8179
5242
14868
14641
14701
4489
3476
11791
135
3741
7921
5354
796
12573
15377
9766
1218
16226
11324
4973
5353
8816
12480
6719
13108
9606
7699
8122
16238
10551
9308
7651
4544
4496
15696
3139
5423
9778
9794
1988
14029
15407
1781
4901
3342
15550
137
9165
6185
14873
5204
3994
14552
4850
12966
6330
5899
3990
6667
13132
11101
1327
4639
14881
2802
2434
5340
2577
13687
11945
8867
13442
94
2326
1852
7013
3781
10771
15779
16189
16121
14644
171
1387
2638
5482
4793
10033
1664
957
9645
15500
7377
3062
8741
4416
5391
9301
16367
14619
7714
3564
477
12516
14598
8269
7808
6175
5915
7907
11659
8470
12963
424
9604
4770
6465
6255
1603
8364
5180
11893
14941
13459
7594
4761
10921
509
3488
2019
8769
13250
8742
14101
55
8702
5625
2070
3447
14219
12789
11857
14265
13370
2074
13965
6820
10997
4894
12832
11068
7891
2135
2721
7055
14739
983
13253
3713
5614
6825
3510
5674
16321
6973
7349
15459
737
8257
8734
4037
11389
9124
5173
5209
11703
919
1248
13703
8938
10544
860
1957
4268
2639
2766
7895
6562
5474
4120
12861
1212
662
8273
10008
8029
3138
9798
7762
11758
14566
11299
14757
5702
11125
5167
7232
8820
13094
1564
7636
97
1074
11785
7128
4240
10869
1795
13272
14199
15803
15810
5613
6533
6361
8626
7410
1140
6059
520
6847
2500
98
7628
2834
4303
3895
5570
9060
14338
1810
12239
9205
10552
11039
6003
6015
11076
11965
11098
10168
12760
8848
8803
12440
15688
8596
8512
5450
2689
12940
5723
15530
4031
2529
6280
786
14072
3051
16311
3579
3962
9945
4075
8026
5115
11204
9544
15304
8079
5403
1101
14848
3670
10381
11598
14671
3572
5831
8975
1240
9506
1993
16220
11711
10853
9376
13357
14109
1478
1651
15975
3020
12048
16179
13621
11454
8040
2542
9225
6590
8037
6394
11744
11260
2767
5854
11040
13009
2104
4128
6220
7538
13317
8296
7869
14306
6174
14123
685
5528
2717
16083
15625
16372
8588
11684
10506
10933
12700
15732
4658
15239
7184
734
12127
85
8386
5026
579
4401
14783
6195
10331
14536
15364
8770
15198
15780
307
2942
4280
7716
10780
14246
3537
4746
12621
15478
16185
16017
10639
4685
4352
10729
9669
42
2986
4052
15163
11902
10872
3751
6703
2594
3411
7638
1147
10303
5562
10397
10043
8726
13445
9423
12961
6012
1801
3250
9976
3090
15272
14967
14490
2386
14344
886
1601
1705
1875
15576
14447
10012
9008
1112
1533
12817
4789
2362
3433
2516
7970
12078
11535
13376
1751
7280
355
12008
6915
3392
11397
4196
13280
10410
1098
5512
921
4668
15285
9202
3571
16106
12868
2114
15465
8919
5726
4370
7287
1219
6005
3182
10099
1977
2642
4222
36
2330
4366
15079
15207
797
15243
6750
13276
8661
10687
7075
11042
13661
6432
5433
652
2034
13139
673
9639
3638
3719
10710
2754
5526
1544
630
13430
15045
15373
670
11909
16357
1129
8794
6418
13871
13063
7968
15531
11379
1365
6633
5303
15838
14261
4212
14972
12859
7997
5302
11963
13475
12680
9160
236
13884
12851
12841
14434
5211
8375
9928
9069
14106
4082
8451
96
5422
14545
638
14985
1678
14030
6673
4940
10082
8125
4476
9738
14962
8313
3576
9670
769
10758
6237
1863
9031
5963
10018
306
3890
3376
15662
10815
8358
9755
10400
7713
10862
10849
2799
10192
432
10824
12188
16341
3581
9052
15629
15138
371
9255
1161
1897
312
3698
11958
12034
16032
3397
9780
12864
11026
697
8823
13886
13269
15670
4162
9752
14333
10214
2316
8455
13847
13631
309
6521
4289
8232
13072
7513
12153
3794
10396
3381
9382
4593
16320
9063
12670
2023
4570
7370
11809
11183
15659
14767
1409
2072
12553
9457
5008
6978
1290
6567
7073
3866
4109
9570
15410
13961
7592
2423
7923
13680
1379
11808
9066
1301
14517
12502
7082
1623
15004
9638
15820
4880
7155
10955
16244
12971
3863
15298
13163
9848
2611
2424
1314
4822
14486
12425
14290
11747
7426
7132
16031
5381
8787
15874
4018
2953
9846
3611
10431
1284
871
3782
14166
10625
9816
10692
15865
9792
1105
5742
6882
15903
16170
710
7605
14878
2932
6485
7809
5171
6538
12396
741
15534
13100
8928
8133
11581
8791
12017
12027
15984
2478
11558
8218
11541
14738
13943
13372
4519
15409
13537
2523
6233
4273
5044
11120
4776
35
7413
7257
14501
717
14542
9146
9358
7822
5561
13609
2730
8983
9090
2782
10422
14254
4613
12475
11200
2436
15509
8140
11938
13210
5739
2671
11723
10419
13224
2526
6183
11291
14640
11967
3299
4801
11884
15526
15713
1333
11759
14225
5235
13753
2667
12863
13806
1569
1137
6273
13655
10357
1348
14206
757
2965
14789
11547
895
10695
4550
1050
1793
20
13135
1952
7501
4473
4881
3468
2246
12615
2982
11108
228
11876
15007
10143
9234
14804
7990
9076
15863
16171
5662
7933
15432
2142
10086
1186
1221
14805
4145
626
3452
875
5164
3102
10315
4743
8608
14578
8033
12109
4586
5908
14847
13689
6483
13321
9703
767
3514
9666
9840
7967
3527
11510
3023
12101
13977
8208
11315
14723
14779
3222
2258
1853
10108
5315
3407
15899
13592
15989
13326
14794
3622
9990
897
11241
961
7091
4402
142
4275
13493
1712
8093
3363
8275
7437
14887
5296
12933
3429
14832
14980
10939
11061
10866
1529
2091
11691
9455
1766
13836
265
7159
13726
6666
11612
10339
15768
451
4929
2033
8944
13807
14077
553
12946
5491
1749
14318
14291
10752
8674
6565
7940
7733
13955
8775
10145
15119
2920
16001
9427
9228
5925
3759
2415
1222
10624
10177
5064
13472
9402
11209
862
1501
3081
9641
1106
650
8361
1002
5424
3869
13309
3612
12627
12657
10972
5684
1856
13140
4368
11256
278
84
11913
4689
11288
1905
10398
1094
3323
2544
7094
11934
12468
10583
15284
5281
6718
6340
12703
5439
10589
600
6830
5665
4337
15052
9512
5332
4084
4641
2822
182
865
6358
219
13111
5783
4811
15630
14023
5309
4699
10598
15744
842
6804
1487
7395
13968
13535
8710
6580
7168
407
13154
9145
2891
14300
15622
8530
5720
11038
13133
13674
14661
754
10299
3328
13162
16010
7932
2018
14441
15544
8164
3912
5573
15044
8262
6692
15717
8699
14923
5048
15879
10073
2060
123
12952
15563
8899
14069
14569
4203
5816
5285
12511
235
14491
3031
8152
5931
10149
11428
7611
16325
10151
2491
13286
6365
7607
6207
12878
13417
3663
11981
15293
2338
8015
57
15639
16026
677
14320
8971
12381
8346
6587
6343
269
6435
12882
4430
7105
10731
1021
1303
15006
14322
10569
14903
14195
13233
12528
3422
3932
3836
6593
12325
8758
14267
12321
16181
15996
2007
16175
9429
4164
10883
15458
14999
9951
6406
7508
10346
8785
818
8655
5494
14044
12686
2506
1557
6283
5189
929
11313
5471
1989
10269
9592
4714
8747
15311
13637
6956
713
2665
2047
8153
4672
16207
14685
10612
2829
6037
5108
11825
11410
10390
5244
9952
229
160
2979
14433
13549
13913
727
7747
6525
575
8519
4249
4105
1950
11616
5019
1343
12453
7573
6111
386
1444
3201
15417
13928
10574
12020
13246
1831
8668
2535
437
14234
5936
9114
6629
4197
10354
14315
10497
1679
2337
15153
1407
14360
5161
6357
4115
14209
12926
1817
3971
4805
4605
14935
14664
5110
6244
13157
10542
9226
4758
14033
549
3983
10851
11297
16332
8001
15637
12464
4831
14114
12562
910
13184
2609
2050
12803
11518
13226
10295
11586
5168
5643
14746
3896
368
13189
11254
7369
15852
9689
14009
10959
7734
8230
11968
6768
8898
4962
4210
2494
7908
12267
11881
15325
12524
6832
11694
6225
4664
3267
8969
14886
13937
7486
10327
16077
10585
7475
12601
3396
6870
2152
15660
12585
7121
12844
4096
8177
8279
10296
10323
9072
805
9824
14554
4729
15788
9907
12850
6150
5232
9518
9478
16108
8118
11978
83
3717
1538
15914
16380
7007
8855
4068
13920
9808
8735
924
11069
4887
11515
14319
13178
15575
12942
1046
3471
8231
6584
8408
7187
7845
3394
5405
5088
10601
14157
14681
7294
6462
1900
13042
8627
12052
8913
1925
10648
10003
8872
3810
694
3205
3177
15830
9332
1847
396
9454
4684
2772
6475
4007
10979
1352
8917
15682
7176
5063
1018
3505
16045
1103
5102
16214
2543
6513
4727
5638
14975
6645
12338
1953
6122
14896
12604
6401
4784
829
3435
5375
8453
1181
7093
13872
7484
2295
7110
10258
10807
6010
12822
14356
12416
1245
5037
1638
6366
16076
7551
10080
1130
7439
3174
2814
8906
6080
1583
16154
2257
4961
6581
1580
10283
1429
907
4437
14104
7875
5136
11066
4389
1818
15348
6897
11136
10321
11580
12166
10566
8431
11223
4769
7553
11821
8949
13771
9498
11992
12286
11986
696
3344
8860
3107
8686
13277
2805
16308
16361
5976
15096
11168
8469
15137
13075
15001
5650
9125
569
5066
7228
5384
5646
13979
280
11343
15263
7244
6991
16172
1163
8095
10125
6105
8378
3915
8568
10338
11048
14301
2750
1660
11135
1702
5473
3136
9607
1985
10498
13371
9201
1627
12372
8274
3940
13421
6714
1011
9122
16074
14312
12729
14990
10415
14852
6152
906
13222
9687
15073
3115
9403
1763
1456
7175
13709
10950
2937
2355
7271
2470
5464
12352
1134
2473
4926
8922
7388
6735
587
1584
5343
4010
9304
6374
8087
5083
10030
12317
12304
902
2947
16136
485
4624
9047
7741
6754
719
8393
11831
7183
10377
510
6334
12427
9316
12199
3596
755
15646
8343
15663
1146
10195
4741
8909
16344
10945
13443
3093
1151
6726
6818
4225
8875
8225
9494
2597
9953
13381
13845
4254
7119
13367
4026
3428
8566
3737
9914
15521
11456
13061
11484
4125
12631
10675
7267
11280
5365
11137
1776
14045
14
4867
3285
6297
16018
4585
12292
3101
4475
12247
12266
15954
14348
14454
16123
14732
6311
15795
13332
6925
14394
8818
3092
11840
3574
12649
2111
4885
2046
3454
2695
3778
6780
6878
5437
9134
1336
15210
10456
6339
6650
15078
2936
2624
7499
2200
14649
10509
3833
9648
1121
3923
7852
12719
5156
7144
12762
14697
1823
3393
10212
11700
3500
4097
8633
15999
15520
501
11022
14005
15148
68
15955
13497
13007
189
10477
15726
15107
8514
8383
7710
7892
338
5629
4131
1828
4707
14321
14392
12674
11718
10301
1187
4560
6603
4453
291
11049
13756
11562
6011
10
8880
6140
12340
8379
9650
1662
8311
12947
13811
12499
8342
10749
8637
15307
9111
2297
6349
14475
9283
7993
2169
10782
12584
11393
5025
14353
7659
7976
8967
4969
5374
12390
4466
15498
12827
9028
7840
3750
4285
12261
8368
3907
12930
4774
4342
13477
8961
9896
13025
10101
13944
5894
6959
2036
16
2346
10370
15109
5425
1926
12032
11523
433
12447
14813
2031
10219
9039
16155
15972
7290
7238
8755
16382
14707
10714
11920
15034
1998
7963
14370
4404
13462
7920
1006
8421
13415
12949
2465
9105
6744
5080
3306
1344
14371
14468
3211
2383
16264
14616
2443
6389
14124
6648
3230
15974
13350
15505
5533
13048
12401
7520
6716
7648
13198
8389
675
15046
9878
5615
13380
13963
4914
11353
16338
11176
15064
14280
3801
14186
9438
11957
14017
4357
15474
7056
5116
3284
6668
3773
9902
10502
10461
6958
4142
7784
13831
7129
5028
7502
3877
728
15387
11777
11669
4976
9157
16252
4036
1230
15901
11838
3669
4247
6093
15359
14818
864
4483
840
14160
15929
940
3555
14667
1057
8716
5076
1159
12979
6561
3649
4306
15347
13587
10713
3269
11689
416
2917
3885
12858
8527
1994
5503
2196
14436
8332
4025
11103
12162
3294
12114
4422
2869
5942
12307
9718
15721
14653
5317
7855
539
389
9471
12612
4957
8214
5085
1077
9558
8206
6500
10153
3274
949
6240
5279
7769
3244
16232
12344
12900
11504
4587
12438
6211
11513
2231
13768
3627
14174
1297
15105
10968
12451
14391
3169
3364
10319
12731
3872
13859
3809
13896
4134
10116
4920
11033
3270
2281
15747
2984
3103
3268
13409
6911
10703
3553
15429
9006
6247
15753
12548
13520
3676
6002
3339
1715
9339
14769
7935
14915
5165
9085
11579
3853
52
6396
10763
8127
2910
3039
5860
12021
10161
12091
12373
7667
13626
4400
14978
5990
11091
1203
4739
15101
9566
6963
9958
7406
12250
317
9463
12555
7542
10631
4966
7544
15442
11984
15603
2819
6296
6630
9174
4530
13152
3766
13607
9230
2125
7708
5698
1587
10834
5716
5431
16088
12586
3193
5838
15697
10058
13114
12357
1877
5534
11119
8435
10792
1881
13730
12410
8628
13452
4497
4802
7590
10340
15541
16317
7813
13716
3601
5495
872
4209
6151
13499
2375
7006
13879
7391
5594
15054
9194
15183
9898
5003
8366
13672
11879
11179
1368
11658
7112
14286
10530
10609
287
1628
6745
2685
13870
12865
6981
12394
8252
5355
11466
3720
6853
8642
14034
1455
10349
1475
11346
10063
8751
4159
10389
349
10139
2421
136
14423
9107
3184
6642
15452
15734
1233
6097
16124
10698
15998
6992
4892
15676
4110
16137
10893
9273
4252
9279
623
14042
9502
454
2831
4711
1860
10394
11906
8611
4490
13668
8198
537
9213
2985
5887
11477
8623
12514
14637
10291
9096
1790
10220
6496
7062
13214
15369
10341
14748
11878
3630
14047
12461
7361
6067
12196
687
10579
5198
8595
10362
6118
8034
12527
9574
12842
8557
13411
3593
6575
14229
1434
5601
7096
14974
8559
7506
9393
2753
2378
11494
12482
12496
15000
15619
2960
8728
12652
5311
8103
9682
10617
8155
2900
11683
2808
9851
1402
12892
9300
6194
13514
2013
3305
2606
12069
7460
14270
16324
12545
6336
2967
13721
13045
13986
3153
6076
12784
2220
13694
4713
7400
6545
11239
6264
12897
5626
7375
12990
5196
3965
4642
6558
151
16363
8729
11736
2977
5803
5862
11522
4717
5705
4517
14948
9153
10748
12833
361
11514
14827
14864
5294
3693
4282
11964
2907
9133
936
9672
12829
7820
6711
2744
11846
6168
15273
11674
6083
7688
6783
6771
2568
11295
7045
1172
14103
6068
1972
8336
15352
10637
1694
14485
11609
718
9995
5297
8463
13954
5486
3978
8966
12512
1969
5227
10141
252
13825
11041
3272
4199
1708
13043
13615
7418
14243
248
5757
4691
7182
2709
6732
9894
6434
12016
2163
5067
4423
10454
8805
15317
13313
8810
3787
5496
1696
4265
13839
14876
3271
7054
8857
4937
16166
6598
7494
3665
1671
421
11464
9547
491
3387
6028
3886
7655
2700
3530
3302
1883
6586
3187
9702
4610
5918
1663
6851
9195
12289
8733
3523
14307
9079
6049
9475
3664
2547
11701
8360
13676
10404
1604
7194
2134
3420
10948
14398
3696
16334
3694
1282
11283
108
13907
3721
1188
9484
6549
8207
3424
15260
487
11774
7843
12626
16199
8185
4594
9209
4654
6383
6706
1961
2026
14013
48
3109
14387
7934
1791
5589
3460
12228
2890
1682
4562
10563
1258
4513
16041
14264
11490
2732
4983
12984
8398
13512
3843
13307
9739
7322
5098
15180
7683
2080
8954
11863
2534
5619
1235
9094
543
13306
10083
12535
846
8288
13991
7512
9637
11869
9988
16225
7507
10686
7283
10535
4860
11883
2387
13424
15735
16254
9850
4723
1885
6778
1640
5548
1667
4431
2550
5146
1199
4286
13334
7335
15507
13759
5587
9676
2014
10348
8406
8621
3952
1457
3829
667
1990
988
12119
3927
11762
10469
13052
10026
5157
2630
12241
6137
739
12137
6880
13092
4617
12030
8599
10353
10644
7504
12486
6395
15289
15399
13311
1625
1890
9265
12618
9323
10261
14374
8667
7593
12495
5328
12144
4982
8117
5523
2677
13573
6675
13066
2471
9779
12624
16296
8494
6693
5678
14627
13824
11063
13320
13215
14474
7806
7177
8789
12213
584
15555
6227
4019
7911
4819
4459
10975
13821
8235
11899
1150
1956
15737
4502
5590
8695
10864
15142
7381
11154
10076
4515
9586
9999
1842
2429
12764
15231
11402
966
5785
16134
4556
4238
11185
11088
9799
3731
5035
14771
14232
8690
16117
11492
7687
10500
7565
10848
1287
14284
16085
9767
9068
12986
11704
1811
10199
9946
4936
524
2123
11095
13185
2786
3845
114
2444
9370
4669
13522
11828
699
2928
3569
9691
14850
4487
5546
9740
1020
12454
12113
13454
7268
13924
12707
2215
10994
10435
1927
5654
4595
9025
16060
11610
10126
565
16282
6888
15156
10818
8162
2499
2581
5314
13852
14676
181
10514
13096
5750
6104
6618
8767
557
6170
985
15216
4706
2486
13486
10246
2004
111
11596
14919
4234
1757
5880
6842
16383
1807
2649
5073
1748
2469
10504
13207
15957
1542
15381
3445
2775
2673
3145
15935
5322
4745
4207
9259
2278
7569
14070
13490
15596
9182
1992
10757
541
12342
826
4480
7190
1967
867
8397
8338
8757
8006
1837
16046
2101
358
13627
322
6356
15413
6066
5911
11852
5736
8502
14393
11457
9642
11255
12781
12750
444
8285
11275
6941
5719
4481
674
7405
10667
3058
13769
3931
4598
5396
1309
16364
4786
6677
7492
8896
3757
4897
729
14293
1928
5598
3112
10855
9073
7011
6855
7615
12242
1935
9169
13786
2218
1673
5952
8780
5605
15184
15674
2559
13641
8492
12330
14277
2557
14250
9306
6106
6895
14726
11460
14968
14431
11651
13403
14469
13912
11007
2048
9957
798
8312
15002
15570
12744
13777
10576
14190
13970
11296
6178
5086
7415
6203
4393
10641
8141
16066
4467
12104
15832
2684
9679
9187
7122
9905
10558
1707
9897
6939
8333
8806
3906
1687
14613
11468
7432
1566
3047
15558
11450
9581
3042
12202
8
12543
3131
10951
9320
4635
15160
12913
14458
14533
9091
7523
12639
12209
1910
8459
10489
11799
14334
1059
14969
14078
6158
2976
2823
9535
1958
2731
5197
138
4316
8679
7722
281
9983
2263
914
16268
2980
6141
13828
2456
4448
12908
5214
14451
11903
6543
13663
7847
13605
1401
12185
2358
9460
8326
2742
10491
1251
13856
4861
13544
7564
5969
16240
9883
11403
10106
4899
2460
16359
14010
14289
6657
6625
12635
5929
15937
4797
15159
5611
3353
14799
15060
13855
15428
1420
13330
216
1633
1973
1096
5791
3286
10075
15752
6779
8448
3295
2067
4607
6423
16047
3828
1637
174
13289
7120
6355
8835
7248
14162
956
9229
12634
1099
1619
4023
10011
8871
1561
4667
531
5864
3380
14623
8166
1576
2743
10470
10133
4048
819
7664
5645
11270
10173
12909
15644
15215
8933
7585
11169
14780
15896
6678
6113
4646
11032
13018
4182
5907
9317
6246
6464
13813
2818
3002
583
6411
5778
3746
13922
7865
7488
8454
8819
13206
2068
13389
4154
15523
8250
13107
9462
3749
16180
5477
7781
13565
2604
6935
11766
5347
6016
9773
7202
113
14022
11232
11573
12085
15870
13533
7040
5721
9545
8072
12437
8934
6797
13673
7245
11418
3303
16381
11797
11633
10693
4261
877
2497
3867
9673
2536
13656
6746
9414
10230
10776
10312
5994
13001
9838
6793
1382
15265
12525
13236
14253
4021
9100
11189
11391
2124
6362
8927
2846
8766
5435
16373
10480
3859
9408
14645
5829
13354
1042
5551
7677
11765
11552
9709
11086
11887
2872
13022
10816
3347
7485
10356
11564
3549
11106
2029
13911
10483
4503
14912
15195
7284
1792
5415
9758
2133
8482
5144
3054
14655
1841
6595
11724
1453
15013
15041
2267
10985
8948
14015
7350
5493
8640
11754
13039
4477
15657
8239
13659
1286
16120
12772
11756
11093
4079
8327
14891
16021
11654
607
762
2693
12823
13763
11282
11650
9835
11472
2290
5123
7863
14666
14689
7043
2044
4
3616
9366
4757
8136
6446
8676
13724
1316
15965
5564
6333
9200
11653
15843
5295
7754
11105
3066
6286
2475
5000
5599
10189
3975
1124
10662
5807
6398
5020
9254
2177
8100
8709
9218
7916
4283
5966
8354
6193
3121
2989
10282
7301
15652
484
9258
4900
7641
13167
1063
13760
15149
14713
10305
7727
5055
7166
5728
8727
2266
8778
5206
14961
11502
6823
15043
9147
10835
12059
13296
14526
1976
14648
13266
8154
14059
14176
14006
15793
4452
13413
13624
5853
10029
11812
7261
15798
8452
10085
16146
8547
1744
6761
5849
2668
15869
1649
15042
8982
1208
525
10361
9803
15857
7156
533
7772
5909
5218
8505
9973
15088
1697
12392
11806
13793
9267
10210
10445
6134
7032
9418
3775
87
12072
4932
12282
3166
8413
2988
7086
8130
8720
1090
3944
15012
12994
4808
10128
1132
238
8180
2664
8548
3298
13259
370
15605
8291
2554
5632
6844
1239
6879
11157
8308
825
9397
8503
4091
11685
10440
3943
13812
15130
5693
8062
2549
5943
6613
16186
6615
13097
4311
7771
11993
9231
11051
397
11307
13574
12552
2477
3903
5174
4375
12591
6801
6717
8437
5640
3679
11836
8017
2968
11889
14504
3803
11696
2702
13874
13015
1594
9777
14658
8529
15564
6470
15204
3937
9649
12747
6371
4647
13866
11167
14656
15447
15516
5902
5466
5069
2586
8882
2659
14737
2773
13826
4980
4014
4791
6294
3899
12487
13098
4945
7591
43
4302
2728
6856
7206
14153
898
15607
9487
9263
73
2648
5557
2291
8736
11760
4356
2892
13761
12123
5672
11141
10854
11396
9671
15725
16374
14080
2567
9772
3412
3379
5947
10132
1727
9087
384
11910
12225
1228
6977
11618
7001
8156
8980
2397
12549
3695
12668
6241
7137
761
14210
14965
14450
11087
6338
8964
15397
6862
10974
8761
783
1736
8348
6130
6680
13990
1025
2191
14376
7529
10458
1135
3861
7124
8866
11874
15466
10957
362
2570
8101
577
225
7625
1392
723
14869
4484
10647
2232
11860
2911
13208
2207
5563
3258
959
10577
11898
8182
10870
2413
5257
15434
6985
9321
14885
15525
6131
14778
3088
7031
13526
11593
9524
3578
179
2820
0
4500
15435
3359
11056
1183
2620
7927
6857
6874
6910
9873
16055
10004
9268
2909
9214
2605
11212
8528
12691
15187
15102
11495
11173
879
11858
7316
15253
12874
4602
13079
10740
15556
8022
917
12151
15343
2155
2213
8620
5975
12808
14412
14608
10020
12869
3732
11372
9163
6699
4166
3247
4001
15792
6234
261
337
14893
10158
5824
12058
6866
10027
12866
824
5042
7386
598
12536
7053
4555
2593
15777
9103
5341
15005
12924
15829
16210
1412
15794
3281
7057
14917
1232
8763
12752
2208
9431
15711
13112
1307
7879
3668
4099
3188
14507
2062
4385
9027
4665
10811
490
6403
8030
5582
4376
14586
14076
7992
5047
6838
7372
7887
5617
11853
10737
615
455
14140
14309
6416
12902
8545
8506
7146
7212
4504
4652
8268
9058
1665
8041
16096
5050
7763
392
9705
10696
15983
10264
9426
7531
2059
7472
9132
14706
11127
6988
8779
8685
8392
6262
14358
10912
15328
14801
9572
13395
8873
8220
5350
6916
15673
10123
14081
5472
1417
9614
15202
12542
9269
15135
3625
7872
8150
8997
12354
5233
12677
15656
11354
701
13665
6809
10562
11444
9493
2870
15321
12047
16215
4417
16002
9097
10375
11643
4698
2672
9459
3111
2994
6078
730
13830
13366
4355
11089
4340
7476
14945
5732
2463
10708
7351
3071
12539
11325
9211
9015
7035
2194
2279
6566
2106
4608
3758
7985
811
3204
2658
5609
15962
6058
6027
14516
2501
16169
13283
6810
13270
6772
2461
8624
11487
15426
5700
12890
8486
1391
13327
12590
6176
6555
6001
7113
4264
5772
7929
4506
5389
14770
8146
148
10621
2094
9190
2180
8711
2283
10649
12914
3382
232
1189
4405
16231
1171
8738
3804
9844
8135
15420
5135
5411
14075
10401
10408
3455
10113
12056
3504
3074
1283
11409
9823
7831
13956
13444
4274
3021
790
2170
9859
11990
12606
12033
474
2280
12053
13434
2472
13835
4266
5627
7272
14180
15258
5
15292
10016
4680
9056
5769
6367
14449
12349
14278
2873
12985
246
3926
15539
1397
13188
7558
11276
2797
133
8943
463
6798
12705
10915
6206
661
7275
7004
4187
3262
2113
1547
7205
8192
8147
3383
4512
10809
5446
10215
13766
14581
14127
14862
15208
6990
9432
10320
3389
1047
831
9298
13428
10830
14709
2505
14067
4244
13342
14834
15441
9465
16340
15113
7802
1446
13915
4230
3823
8443
15146
2430
8143
14828
9962
14136
14411
3870
10978
176
14287
15256
5455
15775
4663
8952
4224
4242
13720
6865
15961
13478
16293
6877
10522
482
9349
15593
11959
6620
14484
14028
1088
7693
12474
15666
10131
10122
7262
3774
1787
12620
1306
12103
41
9486
15468
13324
5775
3910
12158
13959
14396
15240
15504
1489
7830
13642
3583
6965
10847
11097
5001
4291
2273
617
9869
13634
7571
2153
4889
6656
714
5954
8878
37
11467
4046
5790
10450
9866
11478
5205
11761
1767
3313
5507
6537
15084
596
4258
15987
2040
750
8584
8112
552
7620
16070
11003
15561
7222
3880
7065
1281
5366
625
6360
15302
3246
6459
12546
1567
7423
2525
10259
1982
4143
15856
1114
12249
1214
13669
14573
5774
7697
13547
12661
15395
12417
11719
15363
11148
9683
3970
13337
6236
1591
7482
9439
15383
6526
6415
11481
15393
2224
15446
13604
11931
10903
5704
11561
526
4995
7913
6417
7207
14759
12299
9346
2371
16360
706
5588
12489
2349
15232
15620
1999
6030
15956
12860
8044
7562
6662
15769
9811
10429
10318
14528
5231
2
5230
1866
9886
11763
5457
10024
5552
4862
7652
6159
1118
16249
13577
5825
8128
10804
12690
4217
11374
15300
11678
15401
4891
9416
12712
6843
297
9207
9389
12408
10525
5395
8877
5330
6228
8066
12732
4420
6606
9164
7798
8416
14121
11725
15991
5867
6467
12894
8410
34
14840
14877
15424
192
14087
11062
9643
1838
15108
16196
13077
9933
13012
8809
10555
9372
10840
8814
14796
5213
9980
8605
12097
12235
14082
12470
4378
63
5967
16116
5600
11952
10416
11997
3830
14565
15080
9453
6873
15251
2574
5113
10751
15871
5380
2015
12089
11267
7797
10242
4043
9813
8490
10920
621
9735
9662
6612
2243
4456
1178
13552
5585
15141
5761
5005
296
16286
15724
1254
7606
8578
8258
10311
13268
9261
13775
13729
9500
1479
13466
1491
7317
7227
8159
9067
9978
5885
1054
9617
14492
1779
11151
12928
2270
237
15463
8651
15764
5432
4382
10216
12157
2075
11873
2916
7160
1690
6785
801
14202
9447
13062
10971
2707
5488
2441
3124
5715
13495
2784
2828
3361
15922
7627
14487
8201
12944
9918
13271
5280
3831
13532
2528
13664
5326
13329
12316
9038
9871
14911
3692
6903
13548
9678
1443
2545
15707
15127
13328
1358
7938
1635
9450
6637
5788
4918
3292
10144
817
10540
15527
2406
11642
756
3003
9611
8163
3606
12379
2874
3336
14774
12782
10645
3275
13287
6975
5641
12644
12498
3825
6610
5270
1661
11987
3754
7379
11553
10606
16174
11954
6767
6969
10098
460
15017
6034
1581
9390
2683
7533
14406
7618
6438
4507
2809
15072
9810
6414
7051
1332
13603
647
6948
883
937
1066
7215
1403
3120
417
9162
10267
4468
1083
4034
4228
12609
11665
8446
14807
4165
14524
13054
11433
16272
9398
5760
10949
5987
1005
9934
15475
8484
14131
15685
6163
12245
3919
2675
3969
3881
5258
5983
8536
8335
5689
12244
7604
5250
7876
3968
11377
4818
9665
4816
9571
8511
8197
11020
1540
11357
15098
10806
10442
308
12182
13386
15139
13617
12044
15751
10302
14198
8807
8203
11526
4090
6201
12355
10725
14793
227
12426
5949
16295
5170
4287
6588
11461
11709
4551
8737
3512
14137
6455
9917
2252
9489
13338
12339
5271
5176
11170
9361
13800
2958
2857
3208
1465
5881
15822
14836
15438
2157
561
9355
8328
5018
12939
3132
14227
13448
10251
271
74
11496
9764
8323
13773
12298
8215
3462
11578
15694
1728
15412
1418
3190
11284
8365
33
4839
1861
6670
12751
14795
2209
9588
14669
2886
14926
147
8391
2205
3333
6753
11533
10716
13509
15091
4939
9266
7742
7850
3035
4248
4849
7085
7720
4297
9663
10760
5904
8077
8475
8295
2662
834
14806
6474
3134
16315
13675
2510
7210
8259
1700
6573
166
13559
5346
9188
15695
344
6596
1185
2946
13555
6413
2906
6232
6775
5246
5223
903
11064
2078
12730
7723
8102
12488
13279
5243
13426
9927
3016
6109
7915
15494
3765
2211
13795
14782
5089
8960
16160
6269
2769
7015
1559
12568
14138
14172
4379
12061
3228
850
14472
11907
10287
10255
7709
16163
1868
3972
10990
12276
5453
9675
479
13435
5158
6387
21
14861
888
13427
14979
12541
5012
13978
15811
14678
13141
4347
16303
15924
15070
9821
12530
7134
15246
6460
5752
11006
2964
5603
9814
10329
14765
13284
10484
11417
10443
5253
13740
6971
4050
14102
3797
2130
5992
11021
8924
4211
2160
1177
8575
6
6008
9749
11253
3647
13138
14442
12201
15338
15151
12364
11904
15627
10198
100
5036
12684
14282
3677
2513
5443
8266
5517
14379
8009
15372
15482
5565
10031
2459
10593
2172
9505
15540
10005
14400
4267
2705
4278
170
5604
10907
10744
2806
6267
5129
13770
13429
7796
12685
11606
4514
8504
12723
14184
10572
13715
16350
2179
506
7495
12259
15066
760
1753
6799
289
8959
12838
8936
14330
6509
354
1155
2307
15100
11222
5556
10000
5087
14149
8329
3999
9943
11877
10554
12082
7954
13068
889
5988
9595
9700
5531
13433
10828
13293
1983
2265
9868
5436
16177
14212
11834
15297
15846
8580
3001
10448
10428
7179
9278
6740
13044
4141
2552
1113
13308
15212
3502
12180
10575
7264
7348
1522
2250
11844
12459
10105
2305
1126
7972
9036
7634
9380
6478
16012
8852
7151
15578
8491
9725
6884
4563
3846
14690
3641
4661
1027
15757
2223
16020
7893
9434
9313
9655
16143
13091
13149
10036
9579
367
2691
13194
12293
1123
12171
3127
4731
8847
6688
13192
4545
14894
6239
11029
6791
1945
7403
1960
10112
10925
13085
1213
2762
5269
3260
6611
1889
4895
14519
8276
8094
2940
6997
9353
5305
13562
14350
7189
13242
11152
15404
13536
12413
8850
15021
6409
3346
8837
7668
1997
13873
6391
3739
2327
4628
9892
725
14125
2788
11122
4830
15853
12679
7071
10734
9836
12236
6378
15579
11150
2121
2851
12672
12384
11124
3450
8399
15235
13864
3371
13797
14898
2233
15131
15453
4062
2112
9155
2076
5989
12341
1978
13704
409
5978
2826
8750
7766
10988
5737
12176
6101
927
12121
6845
7832
440
373
14408
11211
7260
15051
3011
14959
13714
7527
1659
8158
12504
7945
211
4349
1442
4736
2334
15203
10140
6307
12011
263
11625
13047
3266
15291
15157
5027
6407
15422
3850
2000
5746
29
5210
9818
839
14803
10328
16267
149
14158
10179
5427
5006
9483
5808
6266
9911
2382
643
2923
11497
461
3437
13635
8749
7030
14993
2560
16301
7181
2043
3078
15827
8515
5593
15357
7358
3143
13599
15918
66
11266
2763
13083
8109
457
4911
15226
10236
9113
11363
8950
5224
6117
64
15461
7753
9731
5683
6127
404
2129
4898
16161
4946
12084
14731
15614
3764
7366
13241
11787
10147
9753
3060
12877
10890
14833
15714
8513
334
11165
9580
8672
7163
15750
13757
5542
1719
13117
7033
535
13258
5809
6929
7524
11880
4474
4989
9192
14724
10779
13629
8883
6191
5145
7365
8390
13365
6487
9344
3236
5420
5535
7786
2681
6242
12743
14313
9330
11908
7745
5207
6570
2132
3640
8648
11293
5819
13804
14107
5118
3605
12019
9712
2850
4073
9504
1888
10457
13958
11534
9491
4844
2438
10702
11366
4365
1610
14493
515
13346
2401
3920
9837
15234
2201
10941
14385
14946
1666
391
6776
6298
14538
1494
8315
7104
15995
6748
11969
12066
10363
12915
15946
13004
11851
10095
15859
6040
9893
15828
14483
4528
11622
3675
14401
1460
9582
14349
10777
3332
11132
13898
13900
9435
5448
9383
11156
16156
459
7928
1459
6824
6479
5982
1217
13883
2785
12087
1747
10885
4111
13249
3186
4778
4361
6962
3297
10045
9599
10069
10421
9820
5483
12768
12256
13787
5979
15936
3827
3534
9409
8436
8743
9748
1370
10826
2431
15930
6909
16305
331
9118
13899
10432
81
11955
7487
11919
544
15948
15738
2320
8310
14660
15921
12598
8918
11546
470
8797
2474
5934
7330
9578
10767
4395
1028
16015
14414
11946
3768
6834
15436
7821
9763
9127
4959
13936
4902
11237
3697
12733
4875
139
11783
9770
14659
10405
1198
13947
2212
11162
12818
5814
820
14208
3967
12294
6335
15241
746
7884
5221
1962
8744
3580
5682
7100
6638
11100
6443
8261
13817
14007
15667
11936
9156
6186
7243
9057
1481
14247
14773
8237
14389
11292
4107
2919
15742
15524
9445
4908
10813
8721
1630
15011
3243
12068
2943
5765
2933
1325
7478
3413
12436
4093
16353
13946
8439
12809
11764
2425
6412
13148
7305
6760
11155
13193
15032
11247
204
1167
9293
9940
12812
6480
2830
15062
12139
8533
8221
1102
5222
15585
13622
11568
4098
15191
15345
6852
3786
5058
2199
854
12795
6702
11259
4712
3235
11572
1595
10800
11583
9152
11034
9513
7539
10388
11673
3458
13846
7188
2751
2687
7469
15720
13319
4592
1762
4246
3481
7216
10148
9017
8238
3200
12067
15262
13033
15351
3434
14826
12107
4775
5964
5386
5834
13814
13973
2089
10403
14204
13693
13340
4498
282
16253
11359
6218
15868
4214
13331
8161
10805
1468
1288
9608
6312
1091
1237
13561
14892
10759
7005
12983
766
9694
10359
13686
10229
12120
2651
12678
11082
12220
5291
357
5859
16368
12117
16125
7511
7333
8851
2548
3935
15551
2313
13041
894
2344
13706
8739
12434
12026
12664
5670
1597
10490
13984
3536
2412
10820
2391
5185
4600
8582
13290
964
9858
9979
8911
7575
3558
4967
15416
3304
6041
649
1931
15513
7254
13344
5124
2115
7610
1778
16111
9331
1849
12115
224
2183
13034
6548
14375
5893
14558
9018
4650
5119
7231
3017
9224
10983
13580
8788
800
6090
7249
11102
3223
4934
2981
11116
4202
13738
1802
11699
4053
92
16182
9302
6437
9612
641
4002
7740
5574
5071
2225
16003
15133
8404
7474
11447
5913
12102
7669
6025
8205
2578
4928
5499
10064
2237
10858
12708
13789
305
11330
13455
1328
4948
11891
7566
9485
5553
12603
2876
405
15716
6609
14111
11018
12962
241
1621
4080
2975
16256
11192
8560
14870
2171
4755
9969
15864
1200
3818
400
2455
4015
13893
13028
6326
11286
14020
11380
12717
13301
9238
9707
3951
8053
3099
9297
5237
6734
3824
4329
11160
9115
205
2821
13688
6279
12402
13863
8920
13405
15568
3067
15394
10640
9059
79
10565
9806
13934
1231
1709
8396
1109
6582
4709
11000
10651
5092
2108
1128
14381
9286
14940
1726
8132
5485
6683
14260
4060
10190
9854
1148
14841
14355
14692
16192
12695
10992
4998
711
5851
499
7344
110
5445
8294
15201
1421
14424
1295
680
12875
6883
3602
4572
3725
8845
4693
15464
3405
13779
815
12262
14498
16228
5029
8935
13016
1445
5255
9596
12505
4200
15269
6440
1754
3507
12224
7971
7148
13639
13531
7354
2925
4083
10009
4168
5956
9128
14422
529
13106
435
8606
2546
12776
11129
5276
5779
8139
14853
12191
7789
1784
11395
9092
7765
14134
6858
6928
4461
4493
14437
5352
1519
1934
128
14373
2780
2311
893
14495
8594
1263
4847
2182
8233
13322
3350
15648
12697
16188
1545
13563
5901
14603
12714
9368
10898
1031
4407
12435
9510
4788
5792
7624
9629
6363
11178
7914
15318
15376
1571
14506
6014
4425
9191
8344
4384
13690
2420
7700
5017
14810
3159
16216
10308
14571
14366
6932
4148
3526
997
1477
15222
1722
977
326
2993
1004
2670
8441
5345
2992
540
10317
11427
12658
11306
8084
8243
8792
2539
6350
16227
6077
12879
7072
16089
6013
2712
7885
1809
10418
3265
6272
702
6644
6057
6781
9004
5505
6208
9062
4439
30
1770
3398
793
14457
8889
3030
7977
2735
3743
1008
13891
16187
4005
11210
5666
13031
6180
11420
9479
15553
12306
16277
6306
13576
13285
7219
159
4163
5782
13360
14708
12258
978
12351
15124
13596
13227
7149
6631
15082
32
2608
5393
10094
13658
12711
8426
10718
168
9924
1738
10831
14305
12556
1234
4915
2833
16346
12839
4321
1276
319
8657
11452
8793
11751
1963
11829
3545
8497
7894
14444
10217
14914
873
5097
14617
8884
2657
14815
10235
10753
1786
3162
12742
3753
8051
4100
5545
2066
668
10666
11059
4064
8696
1324
4397
10201
15018
788
6382
8677
7674
11715
8184
16025
11745
4601
10556
6217
6075
12035
5827
3799
8222
11862
7397
1761
14233
15306
4909
3653
4272
11847
6458
12387
4857
2347
12492
7131
8613
3110
6534
2216
2759
536
10127
8532
4677
16142
13711
15249
10775
7824
6766
15354
915
15654
5399
13130
2492
9108
16248
12614
15223
2168
12937
13121
15406
933
10207
1168
2793
7003
5550
14544
7457
5282
12198
7774
837
2897
12308
5192
4606
7540
5878
7814
9324
6674
8703
16336
4704
7926
9112
10969
12222
9760
8082
11645
16274
7390
7764
16203
5926
7853
14752
7528
11439
12774
4876
16276
9842
3080
7002
3513
11328
3046
11431
1602
3667
9049
9929
11551
9270
5091
7024
15003
13300
11746
14459
11947
5181
6782
7936
3218
13173
2564
3563
16335
5591
14163
15940
12815
2827
7899
1510
8718
270
10423
200
16027
9759
12429
10399
11126
6380
5847
3288
7041
10618
8725
14920
878
13315
9363
8858
3636
5140
14386
4281
3165
112
3261
5413
2052
7851
6940
1799
11128
2235
11217
5327
2921
9717
1394
8111
8065
16131
9521
12405
12522
5153
2012
11726
11213
13767
462
3329
10875
6024
7158
567
11244
6457
5348
7953
950
13966
8458
13510
13248
12725
1668
1338
11090
5664
8965
10533
16314
3033
7601
4750
9937
7844
5272
1903
8428
12702
7427
9795
12745
9158
7597
3232
11218
4373
7117
5806
6053
3365
11489
7878
1613
7420
8387
12456
15967
15389
7682
10600
11882
13254
12871
14855
4981
4444
10726
1541
7468
11113
14223
7526
13823
11376
7044
10272
6632
13343
10908
5888
2082
9119
2790
9387
11349
12563
9428
14377
341
9647
14874
9328
13363
823
11971
12118
13551
16059
11939
9340
6200
10661
13195
3475
7483
6481
1836
8931
4470
975
6758
5126
11350
7603
2561
9542
12111
11121
6946
12826
14937
1887
4554
11488
8521
185
7171
6854
9915
15415
833
10717
8590
1562
11326
4854
10439
12998
1752
3894
7080
8224
1674
7534
10833
11536
1207
1924
16039
7199
13571
2533
13755
5652
10146
11730
3683
2680
16033
5371
10888
4284
15911
6074
4253
911
13698
14830
10038
2282
12125
11311
7961
4725
14927
8526
1845
8748
563
7048
13086
12428
4938
11748
7744
8423
6410
7270
4726
11657
14639
3254
14259
9391
11892
15623
11044
8616
4815
11316
16141
13739
13055
16127
7739
13616
13398
3372
3588
15423
14178
8039
12463
7570
10380
3554
10567
12916
10707
16280
12432
4561
5866
10368
14183
11480
971
11281
1981
2435
7816
11613
16322
742
14632
15431
9333
14635
8021
3438
8901
654
3645
16013
15083
3541
4179
10672
3701
13058
2998
803
7374
15873
7732
554
1980
2641
8086
4823
86
10838
1846
15848
3524
812
14164
3324
4446
12142
5631
13647
7459
5796
8804
4803
9351
4751
16016
6763
5440
6579
10238
5812
2450
16326
4123
11175
8879
8013
11688
11400
14048
2722
15969
9719
10976
13727
12848
8176
11010
15350
14084
3317
1689
14216
1596
15862
12951
16379
835
14604
8591
606
14884
9046
9241
11394
4232
981
8004
13209
10279
13087
10597
6089
7671
16049
15472
5162
10588
8652
12582
1505
7440
14523
231
5685
12481
5753
570
9965
13670
11387
15981
13099
16094
3414
7297
11337
4529
12206
13545
15365
12922
2119
3960
7691
9271
16287
9901
12593
8047
13699
13572
15162
2176
2588
15982
4531
1936
11501
9215
6695
14263
853
538
15885
6454
6399
1485
13151
7337
9219
4174
6033
4124
15077
6505
12770
2621
12193
4536
821
7735
7881
6215
1560
3807
6547
952
10208
13809
6128
6405
13748
10646
7991
13916
423
9359
10910
10846
9469
16009
13238
90
13780
15727
6316
12444
3130
4796
5077
5249
13940
9338
3315
3929
10460
7309
13857
15947
8957
11272
12473
5608
996
6328
13611
15326
9658
7240
8445
3613
3559
9543
9906
13942
8462
7298
3591
3444
1771
14576
6591
5920
14384
5090
244
8271
3987
5096
2515
13103
12472
15085
12374
3916
11599
4364
4482
10117
10683
3318
8811
10801
16323
16067
5475
13297
10827
7435
12735
3217
2551
6448
11104
5549
6511
14016
9480
9053
4245
15818
3240
5225
3873
5708
8978
2915
12000
12899
13992
4085
6400
14740
12430
693
10154
15319
12254
6050
10676
9879
7203
1796
14728
15994
9065
4032
7214
15592
1740
2462
14727
2777
639
16204
9442
2963
532
10953
6133
14811
10513
9715
13671
16086
5021
3456
7679
7319
9791
12802
11737
13805
8771
1015
13983
6998
12925
1760
9913
7799
13090
3203
3167
5151
7662
2020
11318
8210
4877
422
3586
6710
10046
9949
9012
10860
5051
15295
3816
1353
12759
3443
193
11767
592
11662
7367
7147
4931
10602
1139
5957
1138
11238
4996
11655
4054
7446
892
12200
3905
8991
8281
13481
1236
11184
3639
7211
12597
10114
7036
3849
2166
13962
4588
2488
9437
8110
11140
14889
10571
67
7902
16133
9148
3736
3817
1565
4463
8784
16144
14416
1570
16118
9539
13877
5401
1039
16290
2972
12566
6319
2187
12943
3722
11926
14095
14055
9406
10911
14205
10823
4236
6119
3116
16285
15497
14117
1563
4257
15481
6872
2615
4524
7127
7208
16371
15912
1954
14167
1439
15833
10228
471
10917
13575
3197
930
5122
2195
8048
9077
78
4695
3028
15736
2783
154
14535
5331
15309
152
13630
39
9577
4855
11229
26
6210
16273
12602
8881
4873
9807
9551
4643
15789
8553
7447
4359
2858
199
11207
335
1669
13305
6665
12420
920
13754
1463
1369
10047
9170
7196
9029
7310
14593
2614
15217
5054
9138
5392
6694
5863
7098
12500
5555
3118
5078
15643
2645
13741
1227
12625
13554
10065
213
14515
1947
5024
250
3974
3040
634
14790
6901
14213
550
10426
722
13229
15741
5636
4057
14718
1765
4671
9721
2234
12015
2057
2352
1535
2724
12296
5513
6697
8376
7942
6622
10223
12335
11805
10053
9395
16230
11279
13888
8979
15772
428
8576
4795
1367
10459
10626
14650
13736
15199
11347
928
12793
740
16056
6427
4239
2144
4308
498
4440
12810
7029
7568
10856
8615
2368
3487
7994
14150
4193
9050
9562
9874
2716
1377
9931
942
8318
7256
7442
1720
1497
682
6260
12713
10176
8113
689
8284
4324
666
5104
4985
6102
12630
5407
10129
3010
3316
6917
1642
6424
2221
13070
5930
4394
15028
2366
11333
8499
12095
8226
8417
14672
15931
14957
262
12090
5758
2001
9084
9196
9756
15238
10732
9633
4035
8730
6143
6967
9142
12885
13718
3789
10326
3547
2580
3312
14500
3562
4183
13211
11845
6569
6709
9071
11144
15743
15391
4223
12778
3335
10904
6425
11637
14094
6933
9026
1742
6957
347
5148
7815
7703
885
2562
813
10260
3480
14432
640
9569
6968
868
2585
4455
9149
10852
1375
10463
6486
13840
9322
5188
15118
14256
1381
5351
13521
16051
8614
15799
8862
3388
3290
8549
1201
12272
15826
1058
14589
14939
3241
2490
3419
12967
7973
896
1734
6970
11355
15209
4235
9343
15814
99
3648
2856
3922
2154
13116
11230
14525
8783
106
9348
10528
10037
11138
4583
12771
12917
7680
12358
11094
6147
4679
1588
612
6352
4339
13869
13118
13187
3839
15322
11145
4414
4523
4314
9410
15055
3844
8052
12821
10653
1574
1071
986
7621
1067
1979
3170
3685
4843
12237
16269
861
16194
9472
10638
8299
4231
9371
8138
13017
4175
4722
8263
3320
13781
7864
1404
3108
3949
10041
613
2236
2576
7817
1104
13929
5569
1384
3745
8821
10723
8981
12302
932
7719
632
11731
1425
3744
15488
11814
11886
3520
496
11187
5536
3007
5687
9564
9399
12135
12421
2369
8801
6507
8607
5744
11214
13397
12081
1462
13620
8056
9276
15471
13186
5101
7296
3519
6751
13638
7730
7289
1773
9449
12014
13482
4215
12471
11426
441
11917
11231
8824
483
11985
3813
1356
13707
4436
5030
1641
10547
15547
11025
8374
1007
6344
11163
10300
3168
13743
2618
14194
12978
9737
15591
10092
38
11351
10964
5566
9732
4205
3117
12229
9561
12116
10989
5581
15164
14403
5714
5372
1618
16302
16114
15095
16107
7536
1650
12234
8500
2147
5835
12643
14520
11614
1111
13650
3341
4673
9634
7870
6092
5951
16221
9070
9722
9248
6135
3133
1609
5278
15486
7661
4956
7116
13231
12811
10171
4312
16005
3151
2042
14503
14014
7918
2610
1053
12398
14303
12794
11358
12786
12216
13262
12683
7180
9212
1508
12376
14004
3144
6332
13384
4449
5262
4649
4241
4539
8890
809
13374
1511
4335
5842
10427
12179
12588
7890
14217
10433
5972
5872
15290
7382
9019
3941
6756
472
5784
530
517
6556
15815
4012
2411
4243
14751
12131
11905
6430
6934
7906
7471
15613
5074
15978
7702
12579
2367
8541
7689
1243
784
5462
14268
14719
10520
11706
14615
4690
2398
13412
5490
7788
10465
15698
11556
9942
12211
5442
1654
14221
2944
6351
14705
13502
8601
14768
9600
9482
10935
12673
3123
4390
10494
4511
59
987
11810
10191
233
8255
11158
2009
8292
2565
12184
6187
5256
330
8488
109
15533
15668
12452
11053
9970
15205
12446
329
14112
5334
13997
6685
2055
1043
15147
15813
3771
10237
5596
14054
13292
4313
9603
2512
8096
8068
3000
11930
12559
3557
10021
9746
12519
3508
1279
14994
10599
1277
10628
9099
8069
2948
15508
239
1933
6381
11999
10263
1537
14998
5147
5520
5470
14230
8043
9189
6522
1653
5056
10056
13416
8598
9335
6764
107
10222
12226
12783
3938
16036
2287
10774
11543
9074
7793
2304
7392
6116
7922
316
5412
12126
12318
12619
11888
11486
14226
1082
12517
14973
4092
11677
12122
13102
3194
6261
1144
5388
10808
2447
9369
8314
13792
15992
14977
15985
9415
2974
14543
11078
5884
12896
15484
1308
1205
13524
14606
11839
10352
1202
8865
5438
4327
12042
11574
4619
10409
2957
5937
6345
12646
6796
13567
12238
13930
14236
11304
14068
3282
3330
10783
5183
2760
16023
3148
13008
2264
11866
7060
14051
4505
8384
8988
10586
12055
9724
2032
13798
12311
16028
7399
12
11538
13849
15631
2203
6499
3961
10656
10406
11871
16065
11516
9420
10152
10627
14984
196
752
8617
11475
7777
5741
12653
6048
15883
13692
5532
3560
10209
1364
4149
12645
747
913
8115
1206
1211
16090
11261
8772
393
3385
5802
9436
2162
279
442
13355
4296
14417
14365
7278
11146
12704
13601
8656
13982
7293
3618
12610
14057
1326
14839
787
14395
3950
6107
11966
5751
13540
14326
6461
7363
12972
1080
16235
16299
11960
9289
3671
15672
12905
4039
12895
4178
5933
4851
13065
14323
9150
13881
1454
10652
7258
11842
72
3575
5014
12395
9184
5444
9895
14274
15368
16342
1606
105
6860
8023
14553
7860
11792
15087
6259
9095
8211
827
8554
13053
9932
5476
58
10996
9106
25
3682
10156
1374
6805
10668
4338
736
5580
13625
11164
1909
6291
15800
15092
8485
7025
8420
4925
3160
15099
8813
14364
445
6392
5924
10466
16260
10294
15128
5479
14629
15296
11339
15990
5150
5236
6284
131
1986
12721
3772
7931
8836
5370
12347
1617
3354
6320
10534
16078
5850
9530
2271
4386
9141
11382
1049
2342
12560
4785
8405
13019
11242
4964
14595
15279
8618
7063
5307
12642
11681
1268
2962
1225
11932
301
13633
5094
14909
6964
10699
8643
7999
1951
3181
3733
4997
3464
16378
10546
15286
12326
15315
13216
14900
10772
9336
1675
16376
5980
556
15964
8707
10293
9788
5745
4716
11216
15758
8531
4051
4412
8827
4472
15647
11117
9292
7078
6515
2376
14429
10747
8756
15621
11950
7519
1241
14588
9412
8645
6564
13235
6788
5780
14716
2185
5886
5977
10205
3384
7481
5789
15405
8654
16073
1515
2877
16129
7632
8382
320
272
11911
11177
15617
1643
71
16168
4812
8740
7329
15104
8592
2452
11686
11362
15502
10590
14410
469
11856
7549
3470
10304
10778
2635
15841
16190
14439
5316
5755
3238
7224
1280
8915
5762
773
6835
13782
7306
2817
1174
12383
11031
13588
4829
1598
11159
1298
9839
4886
3348
11509
16343
11421
12785
375
10928
12455
8002
11067
595
14402
4771
2871
2959
8194
12050
8976
14351
7792
13128
9828
14634
12169
16119
13046
10044
5177
743
1490
14546
15548
14480
3597
11641
10929
4158
8183
3325
4044
12163
12287
4813
16217
6627
5818
1523
11430
15986
8577
11445
8359
15581
3421
452
6921
385
1922
3185
8610
2453
11795
3996
11629
11948
13201
5514
3543
11956
8908
9531
11590
2041
11626
2703
10665
11228
5959
14936
3156
1154
11449
11918
934
5935
11345
13484
6829
3300
16209
10017
1422
5159
8339
8680
2791
4140
15517
7613
2202
13080
13456
705
14063
1848
14758
12038
15169
703
11872
13489
10032
9884
10119
945
11416
2241
7192
11850
7631
336
518
12592
1304
15094
13909
1862
7560
4553
14090
4577
12600
3522
13190
15997
4548
7220
14547
15145
13036
653
3309
9075
8106
14687
5661
13143
12804
11246
10788
6661
5501
8874
9242
1500
1844
2837
8464
2247
14462
9262
13701
16242
9001
4227
7373
2343
4763
1180
11988
4088
9890
6062
249
13752
9922
603
12110
15190
183
8817
3164
12862
3796
7767
5160
9024
5839
1616
14122
2616
3171
3650
15760
5729
5932
15837
3220
14673
3933
14575
6982
15408
14294
8897
8774
12617
14197
3403
15374
5653
3004
10960
11264
15179
13245
1676
5418
2669
14895
8641
4720
13851
2476
3179
10468
1354
4413
13003
10471
161
9290
3474
8586
3219
12240
8498
15132
6945
8479
10802
10052
6634
15287
8432
14058
12510
8297
10307
7728
14141
9080
4181
3321
6640
14428
3472
6980
4076
11015
13251
14181
5612
7042
4263
7897
9972
4659
104
14073
1029
1072
15740
2328
10745
14750
1081
6891
13772
5043
4753
3094
14039
1670
8199
7409
2063
5946
14674
2360
11451
9974
969
13653
10334
4637
13088
206
4049
15008
3065
12663
7081
116
7037
10402
165
1246
10914
13166
9955
14744
745
11364
14955
13468
13335
12901
8861
187
7019
12814
1291
11511
13265
15186
16377
16333
14482
816
5686
4495
6221
13361
9121
15425
11112
12876
8126
8888
15861
908
8815
6893
3657
7145
1948
14686
7503
15112
15247
11976
15970
2736
7706
14918
4666
4749
1691
15571
6091
12941
1684
13029
6912
4367
10187
14011
11634
11037
9451
4086
5099
12532
558
5402
7441
13450
383
5639
12550
7470
103
11565
7107
5595
13219
382
2010
1131
7737
7639
5178
2118
16103
10325
3904
10899
8424
4558
3227
1260
12152
3043
14601
11624
277
772
7965
15356
12314
2623
6752
14625
11521
8157
3858
13569
8849
155
1075
14088
3326
8381
15166
10420
10518
5034
3041
15277
3891
7537
11252
12315
15754
1899
1482
11058
7909
9774
16148
14901
3834
15144
8245
13359
9563
3882
3073
3357
5057
11161
7510
10050
9030
7255
12799
7783
8293
8508
6607
4575
13123
11142
12208
503
972
3835
15068
3948
6449
645
14193
12178
9632
4565
10762
7838
922
9378
9939
1498
12002
3909
14717
6626
7974
1639
4618
13801
6031
12718
16312
9776
851
657
10991
6589
16058
12094
13975
15925
11571
1069
4434
4923
10034
14966
8160
2107
13237
12594
11323
16375
13725
11115
7376
2619
2848
2666
12912
13220
1224
7941
12149
10135
15968
1013
712
6126
9440
5681
770
6477
2880
6139
12231
10407
1244
302
14188
3369
8753
11111
15036
5142
4406
14100
242
8597
13316
13578
8444
5871
6906
12948
9014
5481
8080
9680
12320
628
2181
8671
10155
4737
1733
6385
12580
995
51
14297
13021
13902
15920
7343
12057
10511
11305
4882
10277
6442
6142
12029
7841
10240
14755
4856
16054
4190
11735
5945
10861
14222
8355
13904
4760
10035
8795
8660
2173
14642
230
1184
1366
13383
3367
1399
10197
10897
5451
9515
12935
10345
8684
5873
12828
10336
429
15477
12628
10532
13796
6887
5529
13517
14944
4381
7074
7561
15038
1971
11820
14244
13910
5040
13414
10839
14715
5175
5238
11009
14812
5359
16263
13232
3703
11392
12414
10785
11670
15185
4752
1136
14802
7952
11789
345
10769
2389
14012
3087
15126
2148
1732
12565
4781
5363
9401
2016
4433
3995
6846
14618
5922
5095
4978
1699
15057
1110
13734
11332
15065
676
14159
12362
14252
3366
3494
2175
2502
9769
1884
7521
14904
8990
480
13818
10892
14777
11073
15536
7455
13945
5274
292
2149
15206
8212
2301
2625
15677
6617
4744
6324
13257
11240
4320
1821
938
7880
2446
14452
8900
620
1484
16197
12540
12051
8713
13221
10736
10446
4201
6317
11698
3239
11705
12570
11432
1769
12310
11833
5882
13815
5061
3901
7479
15061
13993
7253
15071
1891
8018
3795
10690
2322
11520
738
436
13204
13529
11776
8107
157
7324
12370
3966
10372
10615
2710
12041
1496
9312
1435
12820
12378
1472
9477
9553
11896
15228
4126
7828
2901
2188
3531
4576
6121
1044
1785
4144
14275
6149
2098
16351
2079
7451
8683
273
7684
12557
2479
9615
8802
1908
748
9686
14133
7580
564
9083
7654
4543
6252
50
2776
4117
14621
11114
11819
11314
10243
9602
15587
11529
12388
8930
16275
14018
2978
593
1476
7491
16082
14037
8644
14749
8054
12506
1033
899
14173
14074
3368
8524
8260
13832
16130
16330
4429
3098
1622
14339
2418
2308
4186
9443
3594
15270
13345
9971
13550
2288
5377
14378
12195
4411
11943
11298
9054
9373
1143
14179
12970
14053
11770
15125
7966
11560
2701
5891
14040
6926
12164
10231
1408
2859
1943
7522
16151
5515
378
4229
1486
467
882
12377
12753
4633
13252
10795
6902
10887
9726
8912
14352
4020
12931
4334
5506
5275
5075
5484
11411
10594
10256
2419
2569
6795
16354
12170
9299
15288
10013
6691
5688
14156
14177
5456
4571
14337
15122
1549
9456
1360
8579
5226
11011
2688
7650
14622
7759
1737
8477
12391
590
15339
14631
16239
6329
844
4216
274
9005
10014
10257
16309
13202
1833
11528
2341
15574
1794
18
102
12334
7596
14340
5651
6907
8193
12457
15766
4955
6984
16289
12616
10559
2103
13799
5958
14620
9130
15731
1755
31
1789
10254
984
10163
6144
12400
11199
3755
5733
13901
12669
6689
9043
6653
10965
4662
9233
13503
15086
3091
13375
7191
2222
10655
2385
14670
2902
14096
2348
3791
12843
7353
10995
15808
14062
648
11815
1038
1530
4681
11649
10825
14331
15370
8020
8280
5046
568
14262
195
12671
1073
77
14512
4410
1657
3178
3939
6646
2069
14916
2189
1827
1916
5538
14964
1389
14700
1914
13758
3598
8972
7266
7291
14665
10110
4765
4139
6875
8425
13060
4250
11733
8175
3014
380
7398
7644
4910
709
14324
7532
777
10958
4944
13035
9785
8046
13393
5137
3712
6663
11083
3723
15945
15380
4535
13949
14679
13474
9221
294
11182
5015
8145
3930
4089
12074
14325
4848
13082
340
1447
15341
3874
5152
4612
8929
9609
10901
4292
257
2983
8331
8170
173
7461
14327
1424
4055
3183
686
6671
5624
12424
10505
14224
11356
10062
9488
9640
14231
6698
13205
15892
15330
2056
15584
10622
283
5416
2938
2128
7186
3037
843
284
744
3742
3761
4766
1944
2804
10541
5016
7269
11775
11005
7242
11646
13165
7946
13666
10250
5128
4445
15819
8876
3856
8550
12567
12911
7162
9277
2467
11601
11644
10536
11308
13181
1357
16318
12161
9870
5072
11843
8114
15081
4950
15221
11794
4000
4890
7360
1323
15771
11443
9771
14108
5480
12572
14368
14821
2088
14958
7736
5318
13829
3390
9909
15958
426
13952
6087
6006
5717
12275
10169
8581
6803
1698
12699
10089
1449
7125
12544
3815
11550
4564
1830
10102
8307
10881
15557
401
8121
5748
4006
5998
11728
14363
12274
14470
14241
2427
12132
8415
12004
1210
3370
10954
7782
4718
13988
968
9628
1262
11491
3609
9825
10537
2746
11243
10268
13243
12223
16261
15781
12005
1216
267
10743
10850
9819
512
16164
12819
2390
5916
12278
11566
9136
4226
14426
14556
13591
13712
8708
6044
11197
7790
14851
4509
10549
11321
3059
10434
5417
11390
4852
2432
5288
82
13746
768
4833
208
7352
9295
15075
7466
10663
15722
2484
16052
6896
15418
1652
14098
7743
2440
1815
12177
5940
7389
1528
2844
5039
9490
8653
6690
9775
9529
3644
13594
1406
6390
16271
11153
14875
15115
849
10367
8181
10677
679
3459
15767
5508
14925
14421
2842
15916
6368
8414
12887
1156
12484
8996
5724
11962
3699
847
9695
12605
6322
14346
9405
11080
15600
2887
5447
15283
7068
9199
5362
16014
254
13995
7130
13410
5134
4298
9522
10159
4108
6190
443
415
5995
10247
7811
14838
15842
10314
9692
15334
9492
9904
6924
8574
5301
12382
3
2365
13713
13894
9235
16250
6376
10923
11666
5220
2678
10074
1065
5277
7102
12380
7200
4137
15111
28
12323
9966
7982
10671
12981
9044
9885
1190
15456
15445
4421
1108
6501
12904
771
12845
7595
8131
2839
11004
11894
13150
2622
7582
14086
13938
12203
3296
14930
4526
6659
13217
7321
11690
2336
591
7956
799
720
3790
732
7429
13203
14404
1717
15175
2718
2825
13460
8765
6654
286
9327
4733
6491
4206
11074
5567
5356
6583
9938
7803
4522
8768
12694
4270
12692
7303
7818
5053
9684
11861
14531
14592
1577
3635
2379
8940
9204
1984
11194
16064
5713
9862
7332
15932
15158
14761
9243
10211
8251
1878
9585
523
4418
3884
12574
9623
15267
13906
124
3249
16162
16218
16369
12360
2214
14191
1548
11743
9159
10090
1093
707
11647
9511
7480
2888
11605
4336
14135
8493
11245
7070
1759
12411
7020
3449
1267
7581
456
10476
9843
5519
15601
3654
2251
11149
2589
3055
5203
5718
5554
3629
13820
1426
8544
3213
4299
10956
8411
11570
7819
4465
1242
5169
10947
14720
12100
3689
217
1165
8078
15358
10512
10868
6161
4491
13155
1194
12927
12883
12825
7328
4081
12923
15784
2404
1721
10701
1296
6061
2764
6651
7165
4874
6257
3777
8187
14712
6310
12737
8373
12816
9747
1120
4903
8691
551
15480
12268
13471
15048
14730
93
7686
12190
10715
10495
8629
8478
11790
6473
14788
6214
16099
948
6038
13418
11030
14907
8558
5357
14611
412
9365
9396
11434
4841
10673
2099
691
11340
6976
4622
1819
6023
10678
2136
5452
12269
12696
1605
10496
7454
10499
3680
528
13432
10479
4603
6069
8248
5876
4392
16262
3977
8731
8941
13972
11386
12305
1257
15944
13420
1273
8317
5633
348
11548
243
1265
14844
10871
16037
12096
13553
9000
9936
9203
14026
10006
2945
4520
7416
5172
7150
8630
15392
478
5241
3590
9762
4319
10290
4884
7276
3814
998
2875
9954
5795
14854
4488
15953
9661
2253
3921
909
15706
6463
4878
7696
8188
10919
5319
12766
4988
303
1536
14120
4277
9264
2697
9800
11864
40
602
9186
7066
4056
2679
1335
7095
10999
3956
3137
11265
9411
13685
6258
5397
8063
12173
8790
8151
9291
1911
14733
9064
6636
1777
2720
1386
15887
14463
11589
4279
9
374
12422
9151
11301
6309
4078
10884
7338
13076
9183
6989
14467
5833
15250
212
12746
7153
6082
11784
6450
5460
6421
8403
5283
15314
7867
16306
5754
11994
2061
13681
2468
13558
1644
991
2359
1626
15977
14285
6722
14066
369
11147
2865
3688
14105
12755
1578
13288
2810
1539
10798
4122
4597
3209
5917
11781
15033
11413
14905
6729
8951
1713
7281
16219
8662
15514
3469
11875
1170
9116
13618
13104
4469
15503
15261
10001
4675
10623
11360
15700
2579
10384
15024
12155
5155
9303
5620
1330
547
8061
12448
11567
15611
5747
14527
6428
9421
10364
9708
14251
12611
15089
8826
3252
6451
10896
11047
5522
2801
3603
1824
3498
6814
7778
8172
514
2640
3128
16109
10164
11109
8337
448
15329
2973
5740
7172
8701
5970
6408
866
2321
5143
4809
5219
3822
1822
11559
14668
8171
2961
3515
12217
12346
14564
6927
13438
2768
9251
14570
13064
10727
15444
2058
12129
4427
15252
12063
2636
290
6539
7988
3210
7193
2654
6890
681
1433
6275
3161
4396
6154
10100
156
6129
2228
10350
14714
1302
3448
5373
6532
9374
15342
12303
1272
11780
13527
11713
8449
12855
9710
12693
3624
7464
2268
5329
16327
6007
13176
7
13750
2934
394
118
5634
10343
15890
12194
12722
4191
1220
4970
15518
15063
10942
5993
12907
304
3125
11375
7757
3673
13161
492
9392
10592
3661
3632
11483
4949
3277
7477
15312
14473
2053
12218
13391
10722
12099
10066
10292
1512
7087
2096
11070
8000
14568
10079
15746
7692
13747
13542
8319
8609
15927
15522
4028
4309
4408
6444
15572
15684
3280
4732
9093
14982
7505
3718
8777
10378
15301
5962
13513
1646
4835
12065
11716
10510
2286
780
8007
14953
7473
15443
2756
6765
5602
1723
6032
608
16006
6196
11635
7576
481
10700
8798
7026
14185
7623
7428
6157
7433
14956
3479
13295
3957
12143
13702
12077
8105
14646
13504
126
1871
12175
7791
15097
3577
11139
10467
10453
13160
5722
2866
4879
3792
9362
2351
9161
6166
5597
15756
11440
6936
2929
12975
12483
2990
6937
2991
8800
10841
14614
11927
14624
10167
10172
9501
1119
15632
9206
7567
9841
10134
1634
6224
578
8650
3206
7430
6696
3953
9197
6802
9417
9657
5953
10309
14976
4208
12918
2603
14257
15469
7960
13014
6173
10963
10042
6305
4579
8762
2054
8682
1590
434
9900
12246
6148
15538
3511
10704
5004
3375
7320
3734
6546
8970
7346
2073
1624
2955
7640
11575
9847
3192
12284
14342
16310
7023
2008
14143
16331
7608
15495
3838
13027
13651
16292
3026
8932
8704
6827
11742
3925
3084
9960
8842
7857
16075
9337
7295
14947
2729
10986
12062
5261
10993
12301
7948
1395
12003
15893
2924
4540
1892
7629
3893
9350
12079
9736
5711
795
6081
8984
6658
4045
9154
15299
15844
3876
1469
15606
6986
15560
2206
925
3724
14785
11638
11302
7670
14559
15866
2272
2332
8639
8589
207
132
7318
13861
4161
2394
15419
10436
9713
7801
12903
6300
4701
2276
12433
2555
15973
3484
14561
402
8925
8958
3497
4372
4251
16173
2778
11442
4979
4345
15626
7981
6453
12207
8300
1731
3729
15715
12955
10203
513
5031
12389
700
5465
5273
2584
9375
527
13696
7387
14399
10285
14192
1521
8870
1430
6725
14118
3707
8060
12633
4842
13939
9797
11682
15840
8045
2682
7496
9193
3264
1474
13628
10812
1686
12806
1599
14942
9495
11727
3049
16291
7197
8565
16159
8495
14494
366
13933
1035
7584
9441
12960
13396
690
13560
5869
328
13356
14311
14563
8843
1396
605
1855
3854
14288
2116
7665
11623
16284
11816
1372
12852
3226
13109
465
6110
12648
2752
4779
9812
5848
2426
10761
2520
4059
14950
8832
8638
4387
11081
635
13960
9208
2242
410
5344
12997
5898
8036
12847
8340
8148
1026
5910
6323
12558
6792
10226
16024
12637
15790
12369
3865
3018
15276
8602
4806
12921
4683
1965
2402
4315
12093
10369
16347
14024
8064
4984
13860
8567
11019
4919
4790
7239
749
2556
9386
7325
447
13640
14677
2770
4061
6155
3410
11180
6682
14460
9853
16115
7109
15894
10712
10202
724
12596
13582
4424
7380
12445
502
4351
1362
11540
6647
15823
794
16008
13145
4864
12834
223
15224
12534
7114
8217
3044
4341
4058
12989
7660
11648
6808
15913
4256
516
13645
4354
1022
7678
2999
7336
9681
9832
12886
6369
9916
1834
7241
2408
12243
11755
15332
13379
580
2011
4479
4116
14038
2164
13948
54
3958
9129
10750
2690
8012
8666
6707
8334
7084
14425
15349
7690
4754
2496
1514
2451
16147
15904
1858
15230
11661
8489
11977
7705
7577
8024
4629
495
7498
2100
8429
10425
8427
14341
15699
663
7111
5106
8306
542
8401
5013
16358
6506
828
13126
8371
10344
5874
9035
6489
13169
12805
1089
6181
2617
12689
12654
6292
4747
8089
10711
4569
806
3889
8092
6727
8456
1716
13778
5111
144
15797
12181
4863
7724
5349
12956
14652
15280
388
1259
10613
1534
1524
10909
13069
3485
2970
5855
1076
15804
10560
3892
11482
2370
8191
9975
4133
15218
8782
15178
8301
10582
4581
12846
15709
11710
10930
8290
13089
12356
3129
163
9888
7588
14003
13614
1677
6655
5919
9963
7861
10669
7835
11028
15236
758
4933
5093
12187
6806
12698
12295
9857
11693
4589
8854
9404
14814
15037
16093
2487
13407
15888
5419
10060
7136
9481
7237
2816
12651
13528
13491
14775
10096
1555
6245
9217
15400
9537
4993
953
414
4150
16313
12958
14060
2889
13323
15174
678
6315
5690
15059
10120
10629
2353
3735
2725
3617
10070
7858
9033
6601
14126
2158
900
1037
14347
3982
7779
8994
6198
16152
11640
1648
10183
16304
16004
990
15136
14560
8796
9912
4972
10196
9314
11901
12183
13695
15963
14099
376
2095
15490
12741
11544
4426
11798
15219
5541
10225
13921
15515
11803
12257
13925
1995
9117
12932
4657
11220
1400
4087
12508
7886
8325
10803
12835
16113
15335
2969
7285
1145
14314
7364
8450
12798
884
12230
1413
2930
8369
16258
15796
8487
16297
7246
8167
8706
5166
3686
1832
8071
6379
6145
8864
7949
4233
8859
6375
14415
14409
7645
1579
6864
14808
11181
11697
11720
10794
6736
13507
3655
15565
2995
15933
4992
10819
5364
1782
15774
10610
14496
16165
13827
9660
9817
2530
4604
14295
5999
6605
13733
1363
9751
2571
14557
1507
789
6115
10077
2573
14626
4632
13458
11422
11778
7986
14085
13981
8517
3862
5404
8555
1600
14089
4454
1879
14052
5710
7776
13657
2739
13013
1270
12734
4987
1086
14657
5679
10616
4501
11060
1502
17
586
13762
3064
9287
976
9394
6402
11555
5286
3600
15979
2514
7738
14541
3934
8619
6863
2572
1313
3988
5379
16053
9908
14461
15928
5421
1629
8019
7666
1843
1122
5414
5489
11652
12682
310
3076
9881
5239
8440
4730
9040
4574
5857
2083
7049
15691
4160
16236
3928
1808
13373
8249
11092
2755
2037
184
3233
8510
1041
4870
9982
9560
12595
14061
1509
7586
7108
10764
1195
15860
8085
15067
14317
2489
11801
7017
12854
3902
14856
15897
14693
14756
2186
9875
13719
10462
16328
14008
364
15942
5038
12088
13610
4521
6377
3842
14215
8540
8916
10634
1851
7394
11190
15542
721
15375
3175
5492
4740
15025
15960
2335
5568
14514
14992
2631
406
4578
3082
10984
15653
7996
12279
6466
7047
7748
4156
1996
13131
4674
10115
4451
14602
963
3879
1045
15090
3009
6742
13643
14245
11817
13581
15624
2285
4800
9923
11979
12397
15791
14600
15181
11262
7995
8551
14146
1052
13385
10679
201
2914
4317
9636
1991
8764
9509
660
2303
6096
10386
6386
2650
1269
15610
16237
2598
16098
11717
14989
6572
7101
3287
6503
7463
4975
10721
6219
11949
15117
5304
15172
13989
4782
10836
8700
12710
8350
14207
6913
10605
1518
8209
3848
12361
6869
6641
6585
16224
12064
11203
7780
11793
2323
8418
408
6616
16208
5312
14382
11072
10478
13649
9198
8698
9236
6660
13437
10028
12319
3727
13742
2698
4147
7563
9315
2109
12345
3229
6900
4353
3851
1275
2292
9367
4582
2143
6484
15340
6994
5426
6301
4660
10922
8776
488
8278
9855
15535
4814
9802
12797
1704
7359
12423
1192
13182
688
14540
8213
11479
12537
7088
11741
2607
6840
12263
15519
158
6885
9863
10508
10412
3283
9525
12006
56
11668
504
8123
9730
1864
8974
13364
10501
7103
15980
3225
7425
1946
7998
11916
11234
12290
3738
14943
15566
2260
12297
3045
5944
5896
2333
4343
13971
3404
14929
8031
9849
2204
10980
15604
4180
169
16092
7368
15971
9556
13369
5941
11687
15809
1264
9696
321
9761
10067
9474
2495
7989
214
11415
2860
11425
8585
16329
10393
12837
5208
6550
13765
14549
7658
11336
13556
1341
14928
7721
6209
2632
9880
779
14562
15543
1470
4986
14258
15271
6904
5264
9704
15976
13084
8173
5793
5699
609
7866
6540
15193
15229
572
6681
4615
9476
6918
10136
343
8097
4374
3868
10332
1620
4485
15640
12801
642
2284
11435
8868
15783
13404
13953
14860
15729
9034
11914
2704
9520
4824
8388
1349
14276
6364
7263
3779
855
7022
7768
9307
1292
6388
9728
3620
76
2862
6254
4825
13999
5498
5832
10444
2396
16081
10674
2226
14283
2893
9620
4011
16135
6493
12399
8612
2613
15702
627
7323
3942
6281
507
342
13101
15035
13196
8200
2841
11953
13935
15678
7225
9925
10262
15785
11832
11367
6439
1812
2331
15895
11309
9135
9424
5467
3195
15851
9568
5668
15537
363
8552
10568
4213
11595
10347
12756
7550
15951
4573
9950
9354
15649
4151
15031
3486
9549
4883
11822
560
10383
6192
7223
2086
646
12105
13030
1941
5852
9016
12031
9528
3521
5928
12393
1710
10118
14817
4682
9082
11628
14924
2482
4686
8905
13652
3122
8914
350
5333
9685
2439
2878
6036
904
14858
494
16298
12130
4596
13341
2374
2017
12507
14228
6436
7038
14361
4516
5730
11676
5184
15692
8320
14704
15728
16153
13440
11008
4538
11225
7630
13593
16201
10766
16030
14511
5697
12920
6171
6009
6160
7265
11186
12343
2954
14996
12054
13
2708
12040
1816
7950
3061
5712
6065
8946
11002
12509
8825
2517
3493
14032
14372
11779
15483
5890
4534
15595
12174
468
2757
390
10970
15493
15878
3821
7021
15176
7518
1329
7545
7775
15220
7178
7016
11639
8196
10873
14465
11617
4631
6222
11859
13837
11607
16365
1918
13918
10916
11807
10447
7174
2868
3582
7106
8309
6867
11983
5731
473
13927
6342
10632
11532
14154
6800
14872
3887
508
186
314
1127
2761
15812
16112
9002
4027
4644
7302
2407
14144
4041
3802
7250
14345
14745
6713
5820
4269
10614
7725
4568
14743
12186
4409
14572
2522
10055
14435
6914
4738
4764
13228
5914
10360
9624
2811
4157
14931
8838
4323
3008
1142
10799
4016
2532
12529
13854
1593
22
5771
4118
1913
3467
13585
8028
2854
3314
11446
11867
11900
13546
3378
8663
15257
13446
4358
12636
6784
5763
12138
8987
3763
14182
3038
7525
14725
11096
10039
4951
11975
6431
13113
14171
14922
6243
14866
7097
16212
7434
4260
1320
15362
11585
14764
6094
589
10104
13684
808
7827
9216
15705
15881
12533
16205
4943
1493
13987
15598
1051
8407
2599
4868
10519
12365
8091
3704
8563
1608
7896
16270
7067
6277
11549
9768
4846
7204
7516
11131
4773
4192
9089
6064
6817
7217
6072
13470
10822
11208
12520
8345
5010
10843
931
7969
9593
88
7327
8722
13158
5428
3278
13122
3212
15712
13677
3215
450
4067
12271
12060
10193
10817
9541
7259
4670
3628
13882
10313
12780
7342
10059
2787
15693
8892
1019
3857
4170
4971
5383
3257
11768
10943
7347
4906
9598
11961
8352
11334
5449
1064
10728
15686
13422
6836
13476
15645
7955
3674
11897
13465
14296
2861
1312
14882
14883
10784
14760
6672
9364
6441
1575
449
5430
5539
5815
16139
1034
3489
8759
7417
2646
11800
11738
12709
3706
12462
4827
3702
3310
14582
1346
4696
8688
3418
9464
9872
11757
622
3311
14763
14336
9272
8129
5657
11438
3097
1289
3436
8518
13654
4494
14584
420
1655
5469
5766
318
1411
6841
6669
1448
2855
6353
2692
2493
1461
15959
2507
7600
6743
15845
15661
12950
15116
14906
1427
1964
1278
11085
3327
3897
5290
3662
4362
10376
7414
10324
14772
4237
15171
1030
11656
13722
2587
9281
4065
5267
1872
4344
8244
15414
13171
10739
14242
2747
7213
3784
2045
2167
9941
377
3416
655
14766
3538
14201
1431
13180
10488
6684
9379
10694
10539
11001
2449
7277
16352
14610
11531
4310
10944
7515
4377
12265
2310
13239
8003
11065
15908
14577
8169
14481
9834
9956
5394
8270
14654
4307
2485
11385
11235
14249
13515
8893
5991
1558
14703
12982
15664
8723
3855
15076
2254
13040
2898
9652
7383
9175
3491
12739
1040
3973
13602
3852
1398
1814
6762
13200
4621
3198
3072
11890
10526
6951
10706
14510
10253
8525
293
14951
10521
11505
4022
2325
9037
2939
13351
11557
6271
14991
3216
9699
15687
8070
13197
117
6831
13218
2779
994
10051
4820
353
11708
6132
611
13464
2935
5247
6819
9787
6216
14819
2071
4547
11695
10265
548
4834
11036
14913
458
4171
10273
1612
13172
13744
15807
5671
11885
11188
3955
5572
16110
11517
11118
9565
15433
2092
3427
2626
12996
8189
8228
11319
16233
15196
12215
2400
3798
2024
12039
1692
15765
9584
3806
9903
15123
12583
4152
11294
12666
14128
7846
2601
2765
7862
8962
3362
1987
2122
13240
1388
4772
5948
4204
3248
44
735
8537
16044
5463
16048
12071
11739
4634
2836
8754
3587
12375
14857
13595
2509
14590
1919
15816
15167
15567
10371
12128
6238
2879
10474
10206
14464
12523
1436
14688
3595
9444
7453
3516
12662
12477
10877
5478
5216
12328
10275
2139
15398
1252
15872
10181
12581
1116
2794
3767
13623
12660
13735
9249
822
4177
